4.848631886073346679039575840564e-01
4.664973097463089493478795299897e-01
6.036808338604564016811188098544e-01
4.683318183790301600529469572276e-01
5.610863763279688430662441034347e-01
5.191891549651648473371647052321e-01
9.741908593543594601618824946332e-01
5.680915753448535565140256609062e-01
6.027965353410622255251119505637e-01
9.897114293862021008538198962867e-01
4.563401165170376202779179558577e-01
3.052055244399172869915453504275e-01
4.664973097058376781296699237211e-01
5.649140342355795100159551735963e-01
3.052055201330509739152205966883e-01
9.439549602703533621311793311293e-01
4.664973097303405547996071195405e-01
9.493027167907349756956723874080e-01
9.994591031882023386061046632545e-01
9.493027156773790573322455155214e-01
4.454883363703548115582545041669e-01
3.068815780125462552082194617187e-01
4.681110615059137584881808480386e-01
6.036916069133201119979031945562e-01
9.679071491666695987651780619387e-01
4.706073817029156515913228264747e-01
5.043069306324110671370386516088e-01
4.705925694176122040782075245380e-01
6.036733983463322814251063308522e-01
9.965356414837115880110164634065e-01
3.052055201776637898794693193327e-01
9.246672069713653164548493312846e-01
3.052055095229921707498856736640e-01
3.348187549260405154304826025324e-01
6.030327675952277025040425273428e-01
4.706073815780171902534417122110e-01
6.036912488133046779674624471301e-01
5.555311532900530912810858896744e-01
5.131017344237052881655847258457e-02
4.668688444882453940810041609355e-01
6.987396579015061815116395538272e-02
4.706073786782983735200915770269e-01
9.425790854068867417490593108020e-01
4.706081197648021601420611353950e-01
3.052058577706492760537454467240e-01
3.053319204735870096554563313251e-01
5.614702002388705764359885796999e-01
5.614681565645295906403014485342e-01
3.052055203282826575180049222258e-01
5.614707602693341866213760926740e-01
4.073035260681546227765482785788e-02
9.493027155405429489158294908968e-01
3.068315505600244536693610442057e-01
4.705999777710390113288907443234e-01
7.802942791911595261629755460042e-01
1.072789194103537090970541464929e-01
5.265781172490944501518410347796e-01
4.705983968638151383496060625733e-01
9.492866365346580581358743033960e-01
6.036905178252204395134526693223e-01
4.706073792996834680222965896501e-01
3.071644908189542464717856906642e-01
1.125728066834142054668775612125e-01
4.726255545883619211893714867623e-01
4.706073780511930522625109463153e-01
6.036916061653868885049020742706e-01
5.625527952866055737585378182519e-01
9.493026597290555682073266707821e-01
3.052055200392643609450925995530e-01
4.666341040071302978130187572026e-01
5.614707736675745345343579995046e-01
9.998811437127957347180927383246e-01
3.066271678818496185909506929201e-01
4.706073815593225748176754719143e-01
5.614707603681545415152259748126e-01
4.664973815982373887422014757664e-01
9.633084160900339754313517759421e-01
1.800879681457361446810774754240e-03
9.425709207798762502496410509156e-01
3.071644979122018100071121737837e-01
1.043883214015165070416937299902e-01
1.415418481016003688115908839848e-09
6.925992907073450177116331893945e-01
2.997739698811417754726932251991e-02
9.491973567268147466335567741247e-01
9.999999929681252717724240786090e-01
9.999999955997595308060735264100e-01
9.999999664556728849566791250680e-01
5.614707602011533160040780698896e-01
9.423665699412219460369063983585e-01
3.071638416109691867685385635589e-01
3.071639622261702374259127040768e-01
6.036916032082757575631670743377e-01
9.487995608233184813133133383989e-01
5.614707567725171828590217948385e-01
6.036915953564104502090600923303e-01
4.664973097359101054796334112629e-01
1.472251128802421689235643950882e-09
5.108308273842595237946022541931e-02
9.425790771481656910176470665075e-01
5.604621181005336783584151738591e-01
9.999999924034420231526432143454e-01
9.425795218903654786469364923462e-01
4.451358884852039039825045974030e-01
6.033573711656582090677274077262e-01
4.664973095899316401884149296819e-01
5.614722973126054591684261363405e-01
6.036943532732736020576802538073e-01
4.680046308170493271475810781457e-01
9.984829796427084809833270295787e-01
3.052055202388447414875351920704e-01
9.999999935350253450977789371201e-01
9.493027147289325106630647477246e-01
4.659518224865200100007125300072e-01
3.018549537502017493983876711416e-01
9.493027107876204819664200940110e-01
6.282979778743497850700475138019e-01
6.036915780334255879411957390612e-01
9.898340462386070336044813222642e-01
3.066031699411507871846395423265e-01
4.980422667002258728537709975281e-01
3.055555783740174497073102677369e-01
3.071639500830123050052495453643e-01
5.616627515624612481705268951515e-01
9.493321821008810304791565581883e-01
3.071645571200884336743146263426e-01
4.720932909154235784755446192484e-01
9.999999460110737305455937129484e-01
4.910021991684431988552626824340e-01
6.036414619819215076918644813375e-01
4.706073826008904751325764154180e-01
6.036442440900254041333782006884e-01
4.706059783881459162766490444962e-01
9.543767185372525426096702860779e-01
6.036277597827171026195931802238e-01
9.999871177194992041478704969393e-01
5.614707723779641252966413067504e-01
5.614707603155120987014833899842e-01
6.036916016352868695482580818634e-01
4.664995330461191418982766498935e-01
9.999307567397201375845872117765e-01
9.999999940116200946031883856069e-01
2.230316020313164763832309775426e-01
4.706073815589476232559059537541e-01
4.664986228481942444898736277459e-01
2.525975242334443170433560133664e-02
5.738848074485804488169098103167e-01
4.443405119715594554384487796517e-02
9.992404589583464952196566188913e-01
4.664874520589537420665795369734e-01
1.771712408208845209670739828667e-01
6.036916069222185324098794989567e-01
6.036911191005286323450242103039e-01
5.614707601820816791561748193562e-01
9.426120238713351992955284675002e-01
9.493027158812358337353770609823e-01
9.426154383276815031176935899548e-01
5.614707548788882324371229959326e-01
1.007813790981136860444235652663e-08
3.040155148508574115050282632433e-01
6.002938600955985049456749280683e-01
4.706023893661967421946871331651e-01
3.071645636346358592696191569527e-01
5.614707603026947443729775810706e-01
5.132234986400781045631986406613e-04
4.706036876640949195664802989780e-01
9.803461010675251512851754304156e-02
3.052055239230922225029257743856e-01
1.916494215484022317044992430560e-04
4.253830240677351497862769547087e-01
9.432587493145467066250724197385e-01
5.614707603061342166585190316397e-01
4.604495692260032037941737403930e-01
2.090599538973004950899646505686e-07
6.036914176865731887912207287439e-01
1.403442745232808287341201222698e-01
4.705998518953341602582499808571e-01
7.637611851394987540436829626112e-02
3.053285014547428267658348011171e-01
5.308367661909646315781564906988e-01
4.664973456359742625917160635529e-01
3.071645662159239510995058924925e-01
3.052055201446008570354429673133e-01
9.998203444316814821296417192809e-01
3.056609772605960784251730860683e-01
4.244485294152971073772077914565e-01
9.906154212088551955727420972320e-01
9.485232324369429325692376631096e-01
5.568721192022430192098379764243e-01
3.054092499063430843960625926670e-01
2.632831541098879799814049640996e-08
1.224023062513333609145280145292e-01
6.035554712701513115969721712251e-01
5.108264625415657063096756818066e-01
5.004596699335732291457484732788e-01
4.890165957033184662114703653013e-02
6.036915795217330363612272259299e-01
9.356057118050253282358699746801e-01
4.664973096959292737917739807285e-01
6.036916069038263075465476636960e-01
3.060782758203673202372380873770e-01
5.614626077697239208796724241335e-01
4.728333473185472384565630058906e-10
6.457812810021301774083754554390e-01
3.052847538505030990281258890251e-01
4.664968788904902389125424477800e-01
4.706074170315094589290942639348e-01
7.118528773399804555595607458152e-01
6.036508836399471280838129050306e-01
5.310927925737559615344124397396e-01
4.706073816710635889643248724878e-01
4.662099342198402650750028997084e-01
9.493027156998600161585261103525e-01
5.571724202604015821331008562201e-01
3.058178844265328653266155373158e-01
3.044873414852955039041574464287e-01
3.052055209039205932463906939534e-01
5.614707603276171357263232830626e-01
4.664973097600381342646338328484e-01
9.642905628160801860906427285247e-01
4.693955804389960091769877503776e-01
9.490565332705399589430586559935e-01
4.664973098731249462063196825623e-01
9.999999979910323130239194200364e-01
1.952513681426271649679154724516e-02
5.614707603297959177292286714334e-01
4.638786592950932111990847150906e-01
6.054820048700337822692532582768e-09
4.664973096568280526430516630398e-01
9.999978958758845956253900888466e-01
2.613305427257611493452836570750e-01
4.706073865686116461176050768112e-01
2.665084100989685172739419166676e-01
9.548332893905993223513349599241e-01
9.994517118667768685604489709018e-01
4.706022451525191196790558895158e-01
8.881560617033498300737330566346e-01
4.692386608846754696003963219786e-01
4.672380046641962670755108058551e-02
9.988033289602225997592770123656e-01
3.208982013926141746461891818276e-01
7.025239401007862149908626825390e-01
9.493027154318128871235936416806e-01
4.706073815586590697323827320320e-01
3.632319898636173050442913978948e-05
9.493027172121368384275809371164e-01
4.705999906734782090792900549614e-01
9.999999439465398112358157645119e-01
4.117640417421216533802562150706e-05
9.493027144873159579429450216637e-01
7.446108679201988706498717320821e-10
6.036915420462689110011993143257e-01
4.167482345395599859969558431683e-01
4.664973150511344857397592195136e-01
4.722937741128280870930421925236e-01
5.995022575692505398129231175552e-01
3.052046845799160146913558966375e-01
3.052056895683828592602798018829e-01
6.037087604271956845750253528582e-01
9.999999798761685021117329164042e-01
4.661535635910564433757354019239e-01
5.863802493306551612771947146197e-01
2.924897804635032085186001165166e-07
6.005534670297057279488538161782e-01
6.036849562708654897010517037526e-01
6.036915582568931888207512670430e-01
4.706002557514595859944166178490e-01
4.706072737583148301969415694401e-01
3.052055202101249932824817562294e-01
3.071645639614199932833447231895e-01
9.999999827948107404855179747294e-01
3.052055298512332532202915441610e-01
6.036916055894968686969942472942e-01
4.705958366394001094693694264848e-01
1.030292154469121461792847915806e-01
9.113310277985602694628939538797e-08
9.999901916162697598864511627781e-01
9.905021848929168435293930727870e-01
4.467956507045867613322955719246e-01
9.493027155680594835938067299619e-01
9.493027015046051918559753823867e-01
8.957682139736726052107324003160e-01
3.053470188217756015026070615104e-01
9.999911763519518245681323709295e-01
3.997281001911697028092402785079e-10
4.664973072463043087605878700419e-01
4.704666319474455162853721024163e-01
3.071265506500630854808380626464e-01
4.307421906287390946153990217704e-01
4.664973097357677828296573796507e-01
5.614707615426070775525684009022e-01
4.659923937235177736880271243125e-01
3.071645466894028267369146784072e-01
1.255556924947540655292571699699e-07
1.030581364942712847590738749204e-01
5.405997672405672927419505169322e-01
6.036916051167578279126359197537e-01
9.999701677439186264643479484793e-01
4.123877108073674422649261590294e-08
4.706061993502799872801916486464e-01
4.706073815609655733261870724782e-01
3.437727103472568261090767938182e-01
5.601017226268314726342519016544e-01
6.235088438684308693093702458121e-01
5.614707961704896568085228214517e-01
9.756334058419236964420848123858e-01
4.915383611307208342562288794220e-01
4.664990749166683288993214689944e-01
9.999990983820241839891487800607e-01
4.705901092452737417024064697779e-01
9.493027081053167155516754605049e-01
4.664972730848988550405101460861e-01
3.071645584961647029373366102334e-01
5.996687132611385365014988746424e-01
4.706071503244610763449888579668e-01
5.614707636545765268129733194247e-01
5.210707518822704466189728311765e-01
6.005088993395272306194399014601e-01
5.614705380145719040363774809954e-01
5.614775068557513214360758790900e-01
9.999497517145971109365706896988e-01
9.850007933341560749113813288957e-01
1.138863253963410055526454228303e-07
9.999993226233393634199038413346e-01
5.629446827256579384242754504619e-01
3.066364482031423058087417354844e-01
9.999966411741172392022014570045e-01
3.071645419656906168847428778568e-01
4.676232603179046911614970966076e-01
3.052055196830136010689368819548e-01
1.155513369254609094304046837160e-08
9.999999976559670484274958135451e-01
9.493027573493367852856816835327e-01
9.999999947501693674484050944340e-01
5.688603405364724178929110298686e-01
9.493016617708441358294661760464e-01
6.649426827042766429418443885346e-01
5.898590430295214387588774219983e-09
3.071639459118809719609041741784e-01
6.036916030831795217299375055919e-01
4.691732861135093473063835400882e-01
3.052328721458505009971138438596e-01
1.736118616853196344241473803203e-08
1.258685219121994674389749396815e-01
4.705521335769199397244897525860e-01
1.238009433378747569109576236801e-08
5.636157317520305643551020713389e-01
3.052108474479854737925355739891e-01
1.014880506827733948890992099749e-09
4.750686966306819834738803254304e-01
4.682141297029071687839894833072e-01
5.693638529687580914721151126301e-01
6.036916052090503828587639278958e-01
4.706073815208572158543410407505e-01
9.493014489864395133791874492601e-01
4.664964349550857045285674057356e-01
9.691106755524496071908455152588e-01
3.071645850445513071060900378573e-01
4.706073815334121949376187249436e-01
9.989995685469203734723614429569e-01
4.668220998311376297631308807112e-01
4.706073815632803449102335158205e-01
5.646738376433756616987408170383e-10
3.067601765614488147344927210236e-01
9.493906439582894616203805060461e-01
6.036782950977175701053750733749e-01
1.783355414865758938476961231409e-08
3.071645572164010619300566345968e-01
6.036914316644535653875840164329e-01
4.705999934015810561948982282399e-01
9.697622833148734574921362439071e-01
9.999999880714969451652070209224e-01
9.811954305314274252876501070109e-01
7.751999813544122454149476464380e-01
6.036939110274512966546923975475e-01
3.053229016930635991158241721033e-01
4.848032044184254216255113706380e-01
4.705370677214983235817080675645e-01
8.498150459466903519826468947643e-08
3.071644365825462738637911808137e-01
3.052055203282826575180049222258e-01
9.996152477522421344745436055934e-01
5.898767115239870342888878207432e-01
4.673356323637495167596083572858e-01
7.093997806837359146043923974201e-01
5.614870183792431974478115419558e-01
5.399633361616528749908432670279e-02
9.283581680890591856809140880458e-01
8.590416560933489382133332323832e-01
3.053906714945731429040193249946e-01
4.706073816621518890815096397562e-01
7.972908027698559768507507398289e-03
4.664964296173134640694814267992e-01
9.999999944882637848320335038910e-01
9.490349263544390805494299634404e-01
4.788268130753731306658237641682e-02
3.071641687107504418302334620039e-01
6.036916002183414154584964461669e-01
4.756033897422651150277764231511e-01
4.706073821732624293387101110930e-01
9.678617802011326540939130380625e-01
9.487363281395835434167164434971e-01
9.999827373535419299433076034678e-01
9.470167811174496485127766165490e-01
4.978807543576834993242878624198e-01
5.449969596051274570418926357362e-01
9.494993860916611376791693355237e-01
5.748991878980907631519793599129e-01
4.493482203387633055124625314214e-01
3.052305403164266323513126311084e-01
5.637026374045916749942926327055e-01
6.036518429016585003590161795373e-01
9.999999855318818825391895266375e-01
4.672387666742328356879378897792e-01
4.664973096999542421386714813325e-01
4.706074208450302342977497604970e-01
4.825278395970160312067418623139e-01
3.052056845865171689634494367471e-01
9.964657588785128232585462659809e-01
3.055222267870295011849349209321e-01
9.425792935760327936455665875926e-01
4.679401004607758160676062725303e-01
4.682790903414650953459456850236e-01
7.708229855674552908456303228722e-09
3.764381085073527971520540580386e-01
5.746876279980729438213830906346e-01
4.703369462714223764852362885680e-01
6.036180630228829626119854689925e-01
3.071635447912513847785673237745e-01
5.614803830991391439910777327871e-01
1.585984625611974962696489738212e-01
3.052055229731760946766758874071e-01
5.614847466173847889692183343868e-01
1.361400983151809630593807864951e-01
3.052094985307738591890497348302e-01
5.281757379050978450487144333358e-01
3.053213294910728722593006717601e-01
3.071441635165351986900671849012e-01
5.632924321126643628430789856321e-01
9.493027156447083039140892590790e-01
9.999999950541688160552886155408e-01
2.587477798253576703800624830842e-01
5.061795532096167692104327073821e-01
3.618707171084805777091890355290e-01
5.614787280034766356025602296320e-01
3.066398721596393294136582291509e-01
9.912171196595692278154959842240e-01
3.052055691512615085163231259946e-01
9.999913542767430537001362156335e-01
3.071645635528669775920259515933e-01
5.853281184944070752291210568696e-01
7.292612888197266323092940454309e-01
2.532409751826537895400053105462e-08
4.676149995050380175800990023571e-01
3.052057777432322138765410923789e-01
5.614707582704207234291192418763e-01
4.706000893658065794373721035804e-01
4.706070668965915557906218996687e-01
9.484753730507165543476590097161e-01
9.991901472204654808054180570309e-01
1.521049033783727737946403468122e-09
9.492358540977669323444182447602e-01
4.694914983935926098331664624297e-01
1.408578892612797474321174191465e-05
4.665035366567565128974662269634e-01
5.614707203958252261272350580601e-01
9.493044166475161946099070586769e-01
4.664975512980114477309175752273e-01
7.947459465646149636536797744579e-01
5.606869129215863355392493461160e-01
4.706072832147697564955310389756e-01
2.459722632044577432188945873004e-01
4.404690605015157909622150640694e-02
3.052069688822448107704682351837e-01
4.677383395124977046042064748876e-01
2.214513422626352981891981186457e-01
3.052055202105008506951663860285e-01
4.664986290267540211139287581465e-01
9.999999924612351316134152556803e-01
5.807326806721607666316245510707e-01
5.600280841514306698152546315495e-01
9.973831404627459912238737760326e-01
5.112334560707317316773264093133e-01
6.036946800903719134159461368050e-01
4.664973087593275454074311092700e-01
6.274339906564050476918230347945e-02
9.999513781005646695376753996243e-01
4.706073907271104491301539490822e-01
3.071645618730171037238235731692e-01
4.706063391483300630034961042902e-01
9.493027147983380269365139003668e-01
5.864800385873200323587871307662e-01
5.173402079982966354125897834315e-01
9.492385273867221302953288419868e-01
8.371566592548375175574307260895e-01
8.093717204508318103671135612665e-01
4.406098220948903411507257404933e-01
9.274499252699712898415952688769e-01
3.071645716682952878572639837662e-01
4.705999896583571417963114819072e-01
3.052052903275995861178283147241e-01
3.016297367742107670130467540065e-02
3.052055206695963589138675259305e-01
9.999955313841108597633020038664e-01
1.264319689759396523062202987871e-08
3.071645647354252855153189383230e-01
4.752350345131674951319397659510e-01
5.614661880778668503360652464185e-01
5.633121651594458545236551727520e-01
1.142969386583431085029746784308e-08
4.149282968706670668478184854644e-01
9.999999924072276423232114028750e-01
5.871479209890601744475761847308e-01
2.490285875077732200320130770410e-01
3.071263245675045057631394329611e-01
3.061406912636253618007538962464e-01
1.555463657178350300839013084508e-01
5.614708109409679089203681900955e-01
6.036948546056975113400892840598e-01
6.036915811784129863777105529099e-01
4.862948379811933994547150372778e-01
9.426049969754204093655078344760e-01
1.892116224185156706221493350259e-07
4.706071453241643064960460229873e-01
8.771559388156971909598094414072e-06
5.513014040982427060093419649791e-10
5.841465790917740209938976980730e-01
4.738525245671727752357852564424e-01
5.347240604974768244436050812496e-01
6.021804768826481720606601244494e-01
6.002694840844590498120901533863e-01
9.995381460857016051686427249301e-01
9.493021793405330655490036162458e-01
9.999999980176616663687244601633e-01
1.046820243512148143700461570826e-01
4.706076376286485379927919392440e-01
5.614707605270421416948818660320e-01
1.865506281645900317176361971321e-03
5.612659381398710785695573000087e-01
4.704743203028526482578370454535e-01
4.706073891870758587989420629327e-01
3.071645609161019154680419274150e-01
4.706070138976171507699114426870e-01
5.719682524423608893193553270873e-01
7.077793321486301377767555442766e-01
7.682481825177870962922770103898e-01
3.071645572530209850612478023058e-01
9.493027159430722124720293531031e-01
3.391857718345893824701819951883e-01
9.903169494515334029790046277419e-01
4.664973338702228039737759240912e-01
4.706073799757022773401337473187e-01
9.493027149726050374265416686992e-01
4.706073823503219487557423100776e-01
4.705612525459163989849462744752e-01
3.068019945294125271290433532023e-01
9.997498661709405031795296070474e-01
9.493027152564867348727255247365e-01
6.028784452479779024320141744830e-01
3.947980431676359673820670206923e-02
2.786013167260227132223261020672e-01
5.617630059998255819724358173239e-01
5.614751930664590843546302156852e-01
9.575096859939877550426355623525e-01
4.664973097018642432943884290619e-01
9.999999509170897411423559186794e-01
4.664973097477632167726785406003e-01
5.614707603220241369517025387115e-01
4.704154183990925681816720749229e-01
6.324835481641987504014542049916e-08
3.071645632987373533738864606057e-01
3.787831137585371193228413883025e-01
6.036915962180445047874366437668e-01
9.952665746839881963804047559918e-01
6.036962121962302023998533928584e-01
2.693863063033826861199585001039e-01
7.101583133388839868256744304136e-09
4.706073839838151744489024019824e-01
9.454655545050265122160142172714e-01
1.463245305518961678656994875745e-09
5.614632816269497078958544689087e-01
3.052100353094370517982938939561e-01
5.614710891031709453905841622490e-01
5.310983785825292433421937129956e-02
0.000000000000000000000000000000e+00
5.639092305552092423276411281563e-01
6.036941429037695201038037084995e-01
9.491963825324120172647647530884e-01
3.072086531051852318252755325023e-01
3.071645466473859853147668208528e-01
5.377796206264562056005809440646e-10
4.617243435673362683658270400056e-01
9.961605484096697940392395320686e-01
6.034938888488396240526723257602e-01
4.682516517526077248843429517988e-01
4.664973097272369377183903055295e-01
9.789722410740934958450071290414e-01
4.663635569343033563446000028252e-01
2.115404584179502055820689884746e-01
3.052055202100688560858110509599e-01
3.055043976904658419675372971192e-01
5.616532747544555220797247996334e-01
3.052055201202786101279552238852e-01
4.664980177524865231886673500039e-01
9.857085983123991051405715646538e-01
9.492848563292909279333516014976e-01
5.169387365553599286986836969238e-01
4.889908300083555633584134897385e-01
3.071645572766067905975256868700e-01
8.893734020287727209054101166195e-05
5.208941131863289498472868732648e-01
5.614707603354213178315640364602e-01
9.493611484391720457495268681303e-01
4.905606773997673539797551023334e-02
3.052055203282826575180049222258e-01
5.219205311080159512076258321311e-01
6.036916142410172467810784702191e-01
3.071645663856796753881598510683e-01
4.705982423511840443775076231470e-01
9.425800740660031862218522225039e-01
5.614723996339192509650618811978e-01
4.664973097223513004677252630215e-01
9.425791006532841443581530183060e-01
9.948404686585498717132404478125e-01
9.493026461562134219428210624159e-01
4.664437209843521379786478175955e-01
5.852456819208096105966974975754e-01
3.053703744079321153685052658844e-01
8.545133043141598355296045808061e-01
4.706073816801638171037312774470e-01
9.999995244881541834572509508394e-01
1.111178638277277683193503991618e-08
1.620050024085658267071746035937e-01
4.706073822910666811522931163303e-01
1.145632758664950812273351389577e-07
4.682953263861940714689411496829e-02
9.999805346863157873575807255140e-01
4.549220491638482252152921730959e-01
2.611246294970067587744213394307e-01
3.071645368416275569589581756480e-01
8.980121266940362397641559044636e-01
9.544064417498573655028763426666e-02
4.676194525364649228404631542411e-01
6.863793329432464082693471363328e-01
4.727938291268352585827207390512e-01
3.052056112589272698432454888895e-01
9.205569989828180809581306687228e-01
4.664973097261638517894641320360e-01
4.706064454010730259165152383760e-01
9.493027149211108987208497522747e-01
9.493216488000753191232351790863e-01
5.497028759602606723952758494001e-01
4.674123982938766515922348471213e-01
6.036946780240617019394275266642e-01
4.728947555795605451115209277857e-01
6.036916069110093632375975414295e-01
9.493100630120050079205525073167e-01
4.114273062731978741538616753089e-09
4.684312386201918235477306001746e-01
6.036916022768961382466944287639e-01
9.465661843614758901000426349892e-01
9.493027148536419990588336448312e-01
9.934159951345915607907183231262e-01
4.265456505387171485404757681481e-01
2.935605692244168374012511929516e-01
6.035976760155119849571812851163e-01
5.629490192234662547152677924966e-01
4.186645659977608178873090261085e-01
1.012364331067353393965093879962e-09
3.054415222127413920467659674829e-01
5.233089532924792835078681152439e-01
9.321393593339445944969713642170e-01
4.168780304219345211426535458722e-08
6.694530877182995977142318522191e-01
9.493027153247276263259811501793e-01
5.615812589093024731002126714863e-01
9.999999896916580682110220479331e-01
3.052100021914114540892790788940e-01
4.719468227435483186546212423795e-02
5.407055667892131829710411494716e-01
4.676622273422906689852637102112e-01
9.493026478480033338806093334838e-01
5.140663817905534421878917250570e-01
8.182171546426103833160939360347e-01
6.027460123126701112186015540928e-01
5.146352112879278652732110976853e-01
9.917462001781036877836109089124e-01
1.358475232144463638926668055055e-09
4.706073815624477570866788372905e-01
3.052055214547407190853623576432e-01
5.614707602415025095000077060003e-01
9.999999825239092085928452324772e-01
5.588835560099956463291082098266e-01
7.200535009456953074082757870755e-01
3.068552578448775613323418198775e-01
9.456462398230783292858887822963e-01
3.052055204274312680094716210277e-01
3.879572648952300594567179498062e-01
9.959102766009360218246899976169e-01
3.071645630834646358887658063042e-01
9.493027550609680848621614590588e-01
3.071149543069892240041655201432e-01
3.396930772007432763187877861055e-01
3.346948448266588244660022823107e-02
3.779829231574863490845158503495e-01
5.614707603436141234234946217896e-01
5.614707602989604542063906134075e-01
4.688763535092825583195427080474e-01
4.706048840541993652953223908897e-01
3.317285464550796215881257856216e-03
9.450137472944202746551016491861e-01
9.493027059677951834349915460898e-01
4.459495592763253006812068646170e-01
4.664973095284050840132489962331e-01
4.704008188533013502016354862034e-01
2.647017440085872898574304717956e-01
4.258150610437016058025787995645e-01
4.706071733602132227424798271986e-01
9.466125743089123617491839612903e-01
6.016001942461269200689011338312e-01
3.060594036659633201350599884805e-01
9.999999949859285495903753193669e-01
5.923126284128759271117165008391e-01
6.036929925335638370451595002830e-01
3.293856193164178365056387644272e-02
9.493027132893800637439100931214e-01
5.205216550763567731467153232305e-01
9.426025924407053400381345520387e-01
9.493027155807798804867427000520e-01
4.706073892427922291455556075279e-01
9.610936996894094599529906330915e-01
4.728523545138169725083557987100e-01
6.036916068958270005463326302042e-01
4.923077899052687798734945917589e-01
6.033067204774996572123543780997e-01
9.999999965482732721517265817024e-01
9.997908441663947156589214992906e-01
9.046899389818516288913272105354e-01
7.402473966854646079629618735107e-02
3.052055214707145950887683116814e-01
9.493024666546724501582123212362e-01
3.052055200966213937782169074442e-01
9.999984895996215627502964884421e-01
9.493027160371753706263192595927e-01
9.493034367623348572366205611051e-01
9.999999868490857552610906466839e-01
9.999996485753162712268281298034e-01
6.032453710855592160251098521329e-01
4.703772955434189530492684189200e-01
6.036916068987057078557532940888e-01
9.792962838830449543705766735080e-01
9.999999309613273458345605870790e-01
4.664973096990471151718129355634e-01
7.495806402040886559992594051494e-01
9.493028336890600115110377954508e-01
1.604701597658662508359261184010e-01
9.999999966330116687356424631794e-01
3.326364436044488140712099139007e-01
6.305801400270483428214633725428e-02
6.037312021652433635882442630738e-01
9.492825528393578392652440989252e-01
9.999999982446742834607707195449e-01
4.664973751959463518204553750257e-01
4.706073815607552792773023847550e-01
6.036915844323638162993890532437e-01
6.673154665365126797998111113857e-08
1.318428971105618380229697957258e-04
6.036948111764388770331991873608e-01
4.270790676771067185862797849216e-01
6.036251105515486372059437425452e-01
4.711539386203518634335402764934e-01
6.073944305537725902238233369190e-02
9.979401992262843742138920914708e-04
6.471934827779209401204911500383e-01
9.999999927202138043759796492971e-01
3.052055250863126046885053649360e-01
9.999999917800166757283174268078e-01
4.711988217353890324708230036288e-01
5.614739707544434234374845782423e-01
4.664981313941420658158391182591e-01
4.705944730508519850415826563106e-01
4.706073816859146366020725388291e-01
6.933008737335579483359454533442e-01
5.695288729126423600416032066995e-01
4.053353550975988966477685931933e-01
4.706073758954556859499755022691e-01
1.047492408583238258669626659454e-08
9.493027155390940196688469299158e-01
4.668867241961959414916442240306e-01
3.052055202096433698065718748138e-01
3.052055203282826575180049222258e-01
5.614670623464159263712319747341e-01
6.036916007044912202243736043528e-01
5.693391750822155863531563724234e-01
5.614707717282228465588943266962e-01
4.324608736803149334679535059633e-01
9.493026996192603322410712152202e-01
4.672087674298684143218106379347e-01
3.052055201039509560012163297271e-01
9.999821727887653432360025307357e-01
9.985325376933250356072807596419e-01
9.805470586293461474850646775181e-01
3.071645571731772806050708018999e-01
9.493027082846506913352269130257e-01
9.999956598999057631976632165571e-01
8.012941592935995848711133858500e-08
5.614709051648252597786943607350e-01
3.052098689480835102692726085172e-01
9.999999779482499292788261202602e-01
5.614708981852808758732792382418e-01
4.411643216918085211471472345535e-01
3.054837099512453190927087354201e-01
5.614764344533649152659167402835e-01
9.999812395189115303843936655159e-01
4.767963886080971149471728620650e-01
9.429288416709608861942908120124e-01
7.093046415476544862537683355797e-01
9.425790505162694859759946186539e-01
3.063783873456244809610222318286e-01
4.362002868729522367103983160330e-02
9.999999921805741280611025401104e-01
9.999910514576543134140050594905e-01
9.802862367325063719706267073573e-01
9.999999364798941233769234704365e-01
4.664968716782229488483982327018e-01
9.733318952301335384193203825731e-01
1.000000000000000000000000000000e+00
9.493027149496816085379354011042e-01
9.477442034739106346504823596977e-01
9.697080735702323239116363906565e-01
4.750542459901254635121995578695e-01
9.493027083982322361665508181350e-01
3.065560882890429626258018552809e-01
3.071631944224432666915892975457e-01
5.614680292660778367758687978917e-01
4.646297764247740684907632402467e-01
6.036881944864757147672928994098e-01
9.492736441576976033412602062889e-01
4.706577513856630024934469408437e-01
4.664976922679234398510985520891e-01
5.378419416002906377604481091836e-01
5.759069885560152660011583314326e-01
3.052068308563791977563051799338e-01
8.552178098539707488566150028753e-01
7.961950613568092674520761120593e-02
3.052055203934675082534655476962e-01
4.678459528508864177602771111664e-01
9.493026880400852780144717313338e-01
9.493752586891770226060899284803e-01
3.624247472885520111133823666083e-02
4.706071368818545887907894148539e-01
8.296379703868292290595311266888e-01
3.052055202443009225673955370217e-01
9.999999920535934407029264592293e-01
5.660598718227091891738549100932e-01
9.278668778093511233925547165846e-01
3.052055309838334687388972099598e-01
9.982719446356888649330742213639e-01
2.361972648757097090324369101366e-01
4.705999921898978429033073844767e-01
9.999999954242486098509624936614e-01
4.159694810195877439458131408223e-02
3.071645667875646640006346427265e-01
7.190977674153679124241136296539e-09
6.453731249174529679773180956825e-01
9.454879456446219574685882469645e-01
4.828955341363137997385060473654e-01
6.010315799325416653538581290839e-01
3.052055201440091805067077179725e-01
3.066112479363937190588330211627e-01
9.493027147489290390220025017687e-01
9.493027103699167980961799717665e-01
9.999997719498527289408960905259e-01
5.614705266881320728589513380236e-01
4.706070221291310985028445712519e-01
9.999999419936799251195681803583e-01
9.315808609360683438418808399728e-01
2.670005165875586218408345440256e-01
9.493027038727993365484734977766e-01
4.706074166412964841766080476004e-01
9.998937955728068434032608513551e-01
4.439310966762664049597725962615e-02
9.573909302257108110698405334382e-01
4.705375870432051149281835189520e-01
9.408031313931298198795227794022e-01
9.425790643959781620942785240747e-01
4.656246132233538566986760787181e-01
9.123186558091415831106205103218e-01
3.052055001490353995142763149362e-01
1.065767896490280707368688896974e-07
9.493027149846655910999174143861e-01
3.198798462837790904415239540137e-01
6.120026594935920602534411283369e-01
2.332227977208844140693361993849e-02
3.071645622621999298807599076966e-01
9.999999922978987273699050253306e-01
4.665962958600179207491361055293e-01
9.999999150195199553847053008937e-01
5.838963104983875979374537135147e-01
3.052055260398791406697624473132e-01
5.039503255752763301810424889648e-01
3.061238925339726793181660546850e-01
9.453603935427719530035749195829e-01
7.214516858167892414963398572958e-01
2.747202874497914788018033248752e-05
4.723181484913420161359572796433e-01
4.400698140606198027538205168330e-02
9.493027156731793133183187893831e-01
6.036916033616950095293425537779e-01
6.036664911557534889249496123931e-01
4.674938389005418955181748313921e-01
5.614751069580183105256314390896e-01
6.025195531026296508984169131296e-01
9.493027024122133505695461663798e-01
4.706853677865191144433741621267e-01
3.052109582573172877047271850381e-01
4.713208079167113601548513152073e-01
4.664973098582386548964420075469e-01
3.798820607106559503701823793387e-01
9.999994944339823414931368861236e-01
3.071645499002782837459028103533e-01
6.037026287892946911140847066068e-01
2.215362367464864569444049635649e-01
5.614707600106901663576663974453e-01
3.052063691549314257433524189000e-01
4.350118132088834471660719616093e-02
9.754367261827490037423733781896e-02
3.052292326878585480441543470453e-01
7.147057705270855483808273289625e-01
4.730210461980353165475487314806e-01
4.664973098438072405267154629804e-01
9.493027156438449769802756517123e-01
5.614707603037884327723712474256e-01
4.955347333845397867814214915017e-01
6.036912046265038820106949013500e-01
5.819430085851623914833773143496e-01
7.816175437237839731800841138733e-08
4.706073815320310117923333775858e-01
9.784541823726166479306340373334e-01
4.706073821482206870315482399869e-01
9.720053632637871788907055203843e-01
3.065971161101611223780919607274e-01
3.068943591517564598903939493413e-01
9.999882740408968013101805027976e-01
3.052055217022664845133959887757e-01
4.551866747307646802339371056023e-01
4.694296461409958802859544724217e-01
1.440043385926280521147115065705e-01
9.257798677175346295487555481341e-01
4.705620732000166068294440269160e-01
9.492182685400978230192553519728e-01
9.493027155875982560492495898608e-01
6.626455594086187857682211654886e-01
5.614704298444067894868596269031e-01
5.335441224987275429889749256418e-01
5.874484943813524481966148460543e-01
3.071645577882076706384764652746e-01
4.955868439235779063898484388118e-02
3.052055203282826575180049222258e-01
1.193047091123395071117778594438e-01
9.999999980399863661289887317718e-01
5.700640284166662948212890571487e-01
9.753751238995912240642947865776e-01
5.537298276056908279195260813577e-01
9.013591018437296497473054657235e-01
5.614706764417884861384511197002e-01
5.614707602903790609064418881680e-01
9.999999705899494938403024302254e-01
6.843084601532842130874705055543e-01
9.999999926363629189937469454730e-01
6.036916063177910127105808835157e-01
3.522968358630139400374230856938e-01
6.977965075016637643392017342769e-01
4.706073815774458453614712688529e-01
1.310753841878369375169733485054e-01
9.409079854699499835361808930401e-01
5.137012727895362551307038845305e-01
3.057917875190344765784587061086e-01
9.999992443715759999722618445173e-01
9.096338530312356910972025614281e-01
4.755820265112702338540420082813e-01
6.036915851786590377753803637884e-01
3.945738923476060512726855400434e-01
4.845496689779861252181641234626e-01
9.493026911916169797989173417818e-01
5.816036169935675909613281842070e-01
3.065862146961799365567098024643e-01
4.699384452638361117540570510709e-01
6.036916069005699875824402789171e-01
9.999980360871182592514931630756e-01
6.806767701691585406518041675088e-09
9.491852926602084562275184898268e-09
3.071639501360584762748237586116e-01
4.664973097374732214086441584033e-01
