5.151368113926653320147272530072e-01
5.335026902536910506521204700103e-01
3.963191661395435982917761358335e-01
5.316681816209698399470530427724e-01
4.389136236720311568795457879411e-01
4.808108450348351526086251861436e-01
2.580914064564053988893948220207e-02
4.319084246551464435130793934059e-01
3.972034646589377745290981580606e-01
1.028857061379789920039021233755e-02
5.436598834829623797491870984544e-01
6.947944755600827129813495952604e-01
5.335026902941623218974351305910e-01
4.350859657644204900382549350280e-01
6.947944798669490261660945662481e-01
5.604503972964663786204440529271e-02
5.335026902696594452274979347717e-01
5.069728320926502430093948080303e-02
5.408968117976614197298416367859e-04
5.069728432262094262032063943235e-02
5.545116636296451884959556044574e-01
6.931184219874537447646754839692e-01
5.318889384940862415118191519614e-01
3.963083930866798880292018597560e-01
3.209285083333040119416435659305e-02
5.293926182970843484086771735253e-01
4.956930693675889328087512397669e-01
5.294074305823877958946874211499e-01
3.963266016536677185748936691478e-01
3.464358516288411927785406154399e-03
6.947944798223362101205306806673e-01
7.533279302863468353837440513732e-02
6.947944904770078292230092720239e-01
6.651812450739594845695173974676e-01
3.969672324047722975230625269694e-01
5.293926184219828097736633421011e-01
3.963087511866953220867476614941e-01
4.444688467099469087460191646377e-01
9.486898265576294711834415274154e-01
5.331311555117546058918907847524e-01
9.301260342098493818217309903051e-01
5.293926213217016265070134772852e-01
5.742091459311325822383563488582e-02
5.293918802351978398308338102929e-01
6.947941422293507240004646619003e-01
6.946680795264129902903335600506e-01
4.385297997611294235911164746122e-01
4.385318434354704093868036057779e-01
6.947944796717173424819950777742e-01
4.385292397306658133786239073260e-01
9.592696473931845377054045131970e-01
5.069728445945705105367732300203e-02
6.931684494399755463848490644185e-01
5.294000222289609886168991470523e-01
2.197057208088404738505769811518e-01
8.927210805896462908893933263510e-01
4.734218827509055498481589652204e-01
5.294016031361848616232888831146e-01
5.071336346534194191155954165029e-02
3.963094821747795604594422763656e-01
5.293926207003165319234933017256e-01
6.928355091810457534740042007115e-01
8.874271933165857944789123301632e-01
5.273744454116380787835234589256e-01
5.293926219488069477916991623090e-01
3.963083938346131114408878171051e-01
4.374472047133944262414621817481e-01
5.069734027094443180961398816298e-02
6.947944799607356390820124547592e-01
5.333658959928697021598761884853e-01
4.385292263324254654656420004954e-01
1.188562872042652668327221922762e-04
6.933728321181503813819442527677e-01
5.293926184406774251823245280857e-01
4.385292396318454585118790794995e-01
5.335026184017626113120086328578e-01
3.669158390996602453137877437872e-02
9.981991203185426385184608744083e-01
5.742907922012374968598444509305e-02
6.928355020877981899928878262163e-01
8.956116785984834929379774792757e-01
9.999999985845815190111524062289e-01
3.074007092926549822341567019812e-01
9.700226030118858224307078208515e-01
5.080264327318525335289069871925e-02
7.031874728249724896001921027171e-09
4.400240469232985994621375268164e-09
3.354432711499965507991397298728e-08
4.385292397988466839959219301104e-01
5.763343005877805399697491953170e-02
6.928361583890308132314614364411e-01
6.928360377738297626011923502354e-01
3.963083967917242424368329256623e-01
5.120043917668151872395611128030e-02
4.385292432274828170867680965372e-01
3.963084046435895497638348533576e-01
5.335026902640898944932615344250e-01
9.999999985277488711568269486030e-01
9.489169172615740476374804335258e-01
5.742092285183430898235293349252e-02
4.395378818994663216957949347652e-01
7.596557976800733739167371470852e-09
5.742047810963452136661603480983e-02
5.548641115147960959632852939727e-01
3.966426288343417908780624836496e-01
5.335026904100683598657951789423e-01
4.385277026873945408044688093474e-01
3.963056467267263979423197461927e-01
5.319953691829506729066290304786e-01
1.517020357291519027049124025176e-03
6.947944797611552585395698622417e-01
6.464974654955691995961747740608e-09
5.069728527106748935726404300950e-02
5.340481775134799900263925243049e-01
6.981450462497982506287173831705e-01
5.069728921237951798614606094273e-02
3.717020221256502148757423775738e-01
3.963084219665744120859093152509e-01
1.016595376139296637010768931814e-02
6.933968300588492127611503490492e-01
5.019577332997741271462290024719e-01
6.944444216259825502926897322631e-01
6.928360499169876950218555089478e-01
4.383372484375387518294731048485e-01
5.066781789911896947340959676542e-02
6.928354428799115663256853736574e-01
5.279067090845764214702452721273e-01
5.398892626948677794862511433237e-08
5.089978008315568011447373175660e-01
3.963585380180784923352405729746e-01
5.293926173991095248945286388942e-01
3.963557559099745959479369622480e-01
5.293940216118540837233509555038e-01
4.562328146274745738355345034409e-02
3.963722402172828973533017654640e-01
1.288228050079582451821421370337e-05
4.385292276220358746762536389374e-01
4.385292396844879013256216643279e-01
3.963083983647131304517419181366e-01
5.335004669538808581017233501065e-01
6.924326027986236941492872068557e-05
5.988379905364859993761446429459e-09
7.769683979686835236032164953013e-01
5.293926184410523767711991005580e-01
5.335013771518057555643364808784e-01
9.747402475766555683244635188700e-01
4.261151925514195511830901896833e-01
9.555659488028440544426025948788e-01
7.595410416535047393152227260347e-04
5.335125479410462579063154087144e-01
8.228287591791154790329260171333e-01
3.963083930777814675359103924190e-01
3.963088808994713677362909526325e-01
4.385292398179183208438251806438e-01
5.738797612866480066720208282061e-02
5.069728411876416624090601649455e-02
5.738456167231849691957585972435e-02
4.385292451211117675628770040674e-01
9.999999899218620902341912726197e-01
6.959844851491425884678666824446e-01
3.997061399044014950814301262438e-01
5.293976106338032578324179211471e-01
6.928354363653641407303808430473e-01
4.385292396973052555999173646173e-01
9.994867765013599218899310872022e-01
5.293963123359050804064146467098e-01
9.019653898932474848037198211781e-01
6.947944760769077774970742256144e-01
9.998083505784515977415742582490e-01
5.746169759322648501595129366670e-01
5.674125068545329331055307627019e-02
4.385292396938657833685860226725e-01
5.395504307739967962058262596070e-01
9.999997909400461027005883873908e-01
3.963085823134268111545691626318e-01
8.596557254767191712523273505742e-01
5.294001481046658397146449648307e-01
9.236238814860501246091842308950e-01
6.946714985452571732341651988829e-01
4.691632338090353684489485636133e-01
5.335026543640257374353889907592e-01
6.928354337840760489275991618197e-01
6.947944798553991428832418697503e-01
1.796555683185178607100460543267e-04
6.943390227394039216019319682438e-01
5.755514705847028926770023171677e-01
9.384578791144804428104935715288e-03
5.147676756305706743076233689038e-02
4.431278807977569807630569692636e-01
6.945907500936569156581475159573e-01
9.999999736716845889794059998312e-01
8.775976937486666390312618768466e-01
3.964445287298486884030278287749e-01
4.891735374584342936903243181934e-01
4.995403300664267708813565810333e-01
9.510983404296681533178665912676e-01
3.963084204782669636116677197579e-01
6.439428819497467178445881605398e-02
5.335026903040707262353310735836e-01
3.963083930961736924534523363040e-01
6.939217241796326797356568583108e-01
4.385373922302760791474326301786e-01
9.999999995271666527085936693187e-01
3.542187189978698226729397074974e-01
6.947152461494969009447690566628e-01
5.335031211095097610332474435957e-01
5.293925829684905410709057360652e-01
2.881471226600195444133341998727e-01
3.963491163600528719703972035937e-01
4.689072074262440384113774516361e-01
5.293926183289364109543599645757e-01
5.337900657801597349249971002916e-01
5.069728430013998387196707574864e-02
4.428275797395984178940041980921e-01
6.941821155734671346462794083720e-01
6.955126585147044960687374992592e-01
6.947944790960794068349244689831e-01
4.385292396723828643007817712496e-01
5.335026902399618657082611128395e-01
3.570943718391981386531155821806e-02
5.306044195610039908772223582467e-01
5.094346672946004110437518905274e-02
5.335026901268750538207853717498e-01
2.008967686988471362241618469211e-09
9.804748631857372835455601001176e-01
4.385292396702040822165612199424e-01
5.361213407049067888551253935336e-01
9.999999939451799512856074170220e-01
5.335026903431719473027382283359e-01
2.104124115404391534233281359029e-06
7.386694572742388506547163429250e-01
5.293926134313883538552898688767e-01
7.334915899010314827531631376445e-01
4.516671060940067765882943544298e-02
5.482881332231313965641070250559e-04
5.293977548474808803480491647964e-01
1.118439382966501699127144162094e-01
5.307613391153245304267087323336e-01
9.532761995335803733263302373047e-01
1.196671039777400259992987184392e-03
6.791017986073858253267057638602e-01
2.974760598992137850362423717732e-01
5.069728456818711289673514905352e-02
5.293926184413409303489324309044e-01
9.999636768010136382719109382489e-01
5.069728278786316155209027214945e-02
5.294000093265217908936048907265e-01
5.605346018873671768386126163483e-08
9.999588235958257878620118741519e-01
5.069728551268404202656179223518e-02
9.999999992553891320812460563605e-01
3.963084579537310889445905770501e-01
5.832517654604400140572542654560e-01
5.335026849488655142331357261742e-01
5.277062258871719129340628617886e-01
4.004977424307494601870768824448e-01
6.947953154200839853086441033625e-01
6.947943104316171407668252524292e-01
3.962912395728043154520797014539e-01
2.012383149786790620083886157686e-08
5.338464364089435566242645980761e-01
4.136197506693448387228052853803e-01
9.999997075102195365366684887132e-01
3.994465329702942720782512381339e-01
3.963150437291345102989482962474e-01
3.963084417431068111792487329570e-01
5.293997442485404139513732735267e-01
5.293927262416851698572685391841e-01
6.947944797898750067446232980828e-01
6.928354360385800067437603311227e-01
1.720518925955941759261207145297e-08
6.947944701487667468610236187754e-01
3.963083944105031313030057527058e-01
5.294041633605998905306305735152e-01
8.969707845530878537665050997951e-01
9.999999088668972200937001826304e-01
9.808383730240096168945371561226e-06
9.497815107083156479924289632838e-03
5.532043492954132386948094823875e-01
5.069728443194051638247634751500e-02
5.069729849539480816096527655834e-02
1.042317860263273947418337546378e-01
6.946529811782243984973929384896e-01
8.823648048175402386084858479025e-06
9.999999996002718997707009451759e-01
5.335026927536956912394121299581e-01
5.295333680525544837146278975837e-01
6.928734493499369145462669916657e-01
5.692578093712609054659161411660e-01
5.335026902642322172245527289736e-01
4.385292384573929224745366534099e-01
5.340076062764822262848678213754e-01
6.928354533105971732901903759050e-01
9.999998744443075051973289502083e-01
8.969418635057287152341498615016e-01
4.594002327594327071767343201314e-01
3.963083948832421720873640802463e-01
2.983225608137356414180617827930e-05
9.999999587612289192982417684874e-01
5.293938006497200127469134056657e-01
5.293926184390344266738129275218e-01
6.562272896527431738909232061818e-01
4.398982773731685273386430440334e-01
3.764911561315691306906297541879e-01
4.385292038295103431101620156118e-01
2.436659415807630355960925350872e-02
5.084616388692791656895610119538e-01
5.335009250833316710735734766935e-01
9.016179758160630487981332597343e-07
5.294098907547262582704884759099e-01
5.069729189468328445848893486214e-02
5.335027269151011449594898539139e-01
6.928354415038352970626633897666e-01
4.003312867388614634442910167333e-01
5.293928496755389236550111420332e-01
4.385292363454234731599216262632e-01
4.789292481177295534623423317599e-01
3.994911006604727693534550442278e-01
4.385294619854280960449376819410e-01
4.385224931442486786181342295343e-01
5.024828540288908981968056413712e-05
1.499920666584392509878306647131e-02
9.999998861136746036324882136448e-01
6.773766606366301713465038858105e-07
4.370553172743420615486194952259e-01
6.933635517968576942454683731398e-01
3.358825882760820882051964509427e-06
6.928354580343093831423621764554e-01
5.323767396820953088113978490803e-01
6.947944803169863988768530094209e-01
9.999999884448663075024905932953e-01
2.344032951529917817505688193892e-09
5.069724265066321475158776614645e-02
5.249830632594999630992786542074e-09
4.311396594635275820799839158193e-01
5.069833822915586412987624248538e-02
3.350573172957233570310505571532e-01
9.999999941014095696661945211758e-01
6.928360540881190280390958258216e-01
3.963083969168204782158523857838e-01
5.308267138864906527478265685360e-01
6.947671278541494990299912104526e-01
9.999999826388138315187356641722e-01
8.741314780878005325339200060064e-01
5.294478664230800602484051931018e-01
9.999999876199056662536869544144e-01
4.363842682479694356991080372854e-01
6.947891525520145261803593716987e-01
9.999999989851194932182279484500e-01
5.249313033693180165803297831939e-01
5.317858702970928312160105166928e-01
4.306361470312419085007798330578e-01
3.963083947909496170870259634800e-01
5.293926184791427842269741221859e-01
5.069855101356048663775320968494e-02
5.335035650449142953901174313280e-01
3.088932444755039273630965127732e-02
6.928354149554486928396998535185e-01
5.293926184665878050894863293685e-01
1.000431453079626556543556368129e-03
5.331779001688623702910792279130e-01
5.293926184367196550897664841795e-01
9.999999994353261623634965271634e-01
6.932398234385511852926123332885e-01
5.060935604171053839317202110992e-02
3.963217049022824298675198723130e-01
9.999999821664458513384952931258e-01
6.928354427835989380428383110910e-01
3.963085683355464346124159835671e-01
5.294000065984189438051017717601e-01
3.023771668512654253327474451057e-02
1.192850305484488355099832428318e-08
1.880456946857257476147780392989e-02
2.248000186455877545850523535620e-01
3.963060889725487033724126567646e-01
6.946770983069364008570707735846e-01
5.151967955815745782931734664256e-01
5.294629322785016764725020410598e-01
9.999999150184954053110185367981e-01
6.928355634174537261362088191863e-01
6.947944796717173424819950777742e-01
3.847522477578655389295122238530e-04
4.101232884760129657111121792568e-01
5.326643676362504832132865884020e-01
2.906002193162640854227126568921e-01
4.385129816207568025250834037321e-01
9.460036663838347125517376501325e-01
7.164183191094081429198085764209e-02
1.409583439066510617460091861486e-01
6.946093285054268570417705663811e-01
5.293926183378481108913853059317e-01
9.920270919723014402865496341732e-01
5.335035703826865359305185732008e-01
5.511736215149928436678551378788e-09
5.096507364556091944040564119256e-02
9.521173186924626868758193831699e-01
6.928358312892495581426614836840e-01
3.963083997816585845957136624573e-01
5.243966102577348850264336854732e-01
5.293926178267375706612898889070e-01
3.213821979886734588914630299239e-02
5.126367186041645662394113797111e-02
1.726264645807004903435842121153e-05
5.298321888255035147028272450587e-02
5.021192456423165006215020289559e-01
4.550030403948725430123174728880e-01
5.050061390833886232083066447629e-02
4.251008121019092367938105314629e-01
5.506517796612366944875374685786e-01
6.947694596835733676486873688916e-01
4.362973625954083250328124216066e-01
3.963481570983414996138787661506e-01
1.446811811746278761112554176918e-08
5.327612333257671643391671645329e-01
5.335026903000457579426436816039e-01
5.293925791549697657022502395030e-01
5.174721604029839687661530833740e-01
6.947943154134828309823404546286e-01
3.534241121487176777452634277368e-03
6.944777732129704988150650790679e-01
5.742070642396720631716396272826e-02
5.320598995392241839594987817819e-01
5.317209096585349047082644236006e-01
9.999999922917701443772497960083e-01
6.235618914926472028479459419614e-01
4.253123720019270562057219636776e-01
5.296630537285776235147637114320e-01
3.963819369771170374151195853196e-01
6.928364552087486152756427848498e-01
4.385196169008608560089222672129e-01
8.414015374388025037574560804909e-01
6.947944770268239052962190582807e-01
4.385152533826152110578867199253e-01
8.638599016848190369406192135049e-01
6.947905014692261408109502651698e-01
4.718242620949021549241805123520e-01
6.946786705089271277678043825521e-01
6.928558364834648013370378694109e-01
4.367075678873356371840260686801e-01
5.069728435529169609607513628802e-02
4.945831183963294763516323999541e-09
7.412522201746423296470425712279e-01
4.938204467903832307624622383058e-01
6.381292828915194223450210730952e-01
4.385212719965233643703347160558e-01
6.933601278403606705592367165369e-01
8.782880340430772181115883986968e-03
6.947944308487384915107819283175e-01
8.645723256946343869792954300608e-06
6.928354364471330224350791027188e-01
4.146718815055929247437738888182e-01
2.707387111802733677178110088812e-01
9.999999746759024816860836337717e-01
5.323850004949619824741111062671e-01
6.947942222567677861776690162454e-01
4.385292417295792765979858124359e-01
5.293999106341934205626278964196e-01
5.293929331034084442364831546435e-01
5.152462694928344568283417638510e-02
8.098527795345192004582340406568e-04
9.999999984789509662581018234473e-01
5.076414590223306768607494134093e-02
5.305085016064073901668335375703e-01
9.999859142110738720711851645895e-01
5.334964633432434870483236644123e-01
4.385292796041747739269750505642e-01
5.069558335248380539686920490117e-02
5.335024487019885522961874790848e-01
2.052540534353850362921101169178e-01
4.393130870784136645149607625083e-01
5.293927167852302435586790696487e-01
7.540277367955422567675528855435e-01
9.559530939498484208936140982260e-01
6.947930311177551892837418734405e-01
5.322616604875022953686884708002e-01
7.785486577373647018108018813543e-01
6.947944797894991493048336139715e-01
5.335013709732459788589661875413e-01
7.538764868386468153858629390493e-09
4.192673193278392333954805032414e-01
4.399719158485693302389554770748e-01
2.616859537254008710057654081560e-03
4.887665439292682683768836993110e-01
3.963053199096280866111589175071e-01
5.335026912406724545383587821057e-01
9.372566009343594952037126422084e-01
4.862189943533045774532850462953e-05
5.293926092728895508969511052300e-01
6.928354381269828962219663182065e-01
5.293936608516699369965038957098e-01
5.069728520166197310753181289045e-02
4.135199614126799676412128692338e-01
4.826597920017033646145152708806e-01
5.076147261327786973516434411435e-02
1.628433407451624824967793825348e-01
1.906282795491681895922288572653e-01
5.593901779051096588763793138188e-01
7.255007473002871011097088607689e-02
6.928354283317047121156309619217e-01
5.294000103416428581765834637807e-01
6.947947096724004138550666309637e-01
9.698370263225789232597318090257e-01
6.947944793304036411132375283817e-01
4.468615889140270205841977190097e-06
9.999999873568031024295872655205e-01
6.928354352645747144304709530527e-01
5.247649654868325048680602340490e-01
4.385338119221331496368296992694e-01
4.366878348405541454763448272480e-01
9.999999885703061342141252654248e-01
5.850717031293329331792865688477e-01
7.592772357727246438391776453396e-09
4.128520790109398255524238152692e-01
7.509714124922267799002242871786e-01
6.928736754324954942368605670389e-01
6.938593087363746382263511580657e-01
8.444536342821649699567562730174e-01
4.385291890590320911338419185288e-01
3.963051453943024886870157702523e-01
3.963084188215870136493945014022e-01
5.137051620188066005452849627222e-01
5.739500302457959064804469268006e-02
9.999998107883775814693286254631e-01
5.293928546758356934497438683884e-01
9.999912284406118429739944442058e-01
9.999999994486985959493002829035e-01
4.158534209082259790061023019270e-01
5.261474754328272247371096892454e-01
4.652759395025231755292898644383e-01
3.978195231173518279122348212384e-01
3.997305159155409501608047923016e-01
4.618539142983947839763695828678e-04
5.069782065946693448487770164435e-02
1.982338333632840181651793425537e-09
8.953179756487851856773876879636e-01
5.293923623713514619529979521317e-01
4.385292394729578582780130796559e-01
9.981344937183540997021995166971e-01
4.387340618601289214846528086156e-01
5.295256796971473517150579002344e-01
5.293926108129241411468478284430e-01
6.928354390838980845319580725850e-01
5.293929861023828492300885573130e-01
4.280317475576391107077497272249e-01
2.922206678513698622503495100355e-01
2.317518174822129036535128809859e-01
6.928354427469790149116471433821e-01
5.069728405692778753135877868596e-02
6.608142281654106175298180048117e-01
9.683050548466596974408560159070e-03
5.335026661297771959449089129723e-01
5.293926200242977226327611983692e-01
5.069728502739496253957701341064e-02
5.293926176496780512713627442345e-01
5.294387474540836009879486712126e-01
6.931980054705874728709566467977e-01
2.501338290594968185380990417050e-04
5.069728474351326518487271567681e-02
3.971215547520220975408807712048e-01
9.605201956832364032956746158209e-01
7.213986832739772867505688436207e-01
4.382369940001744179733540740518e-01
4.385248069335409156182647300026e-01
4.249031400601224497091696480355e-02
5.335026902981357567598216795624e-01
4.908291025889996412133664230103e-08
5.335026902522367832273214593997e-01
4.385292396779758631296126242249e-01
5.295845816009074318183279250771e-01
9.999999367516451835623605970405e-01
6.928354367012626465719034307700e-01
6.212168862414628807042636660096e-01
3.963084037819554952125633562332e-01
4.733425316011803642465133584033e-03
3.963037878037697976001466071416e-01
7.306136936966173138800414998961e-01
9.999999928984168666001169922808e-01
5.293926160161848256053077066419e-01
5.453444549497348773316380589338e-02
9.999999985367546944791533602981e-01
4.385367183730502921041455310913e-01
6.947899646905629482017061060439e-01
4.385289108968290546636259463753e-01
9.468901621417470756318993108103e-01
1.000000000000000000000000000000e+00
4.360907694447907576723588718437e-01
3.963058570962304799504064001248e-01
5.080361746758798276572843301280e-02
6.927913468948147681205143588734e-01
6.928354533526140146852331791472e-01
9.999999994622203793601458721163e-01
5.382756564326637316341729599944e-01
3.839451590330205952501896695707e-03
3.965061111511603759744327285519e-01
5.317483482473922750885519938890e-01
5.335026902727630623087147487826e-01
2.102775892590650419903858421578e-02
5.336364430656966436282949428627e-01
7.884595415820497944043784843693e-01
6.947944797899311439141889490401e-01
6.944956023095341580866728115051e-01
4.383467252455444779744853089909e-01
6.947944798797213898991498304269e-01
5.335019822475134768655427586204e-01
1.429140168760089477896030535700e-02
5.071514367070907205648400313536e-02
4.830612634446400713284213573884e-01
5.110091699916444366686915645737e-01
6.928354427233932094024743131300e-01
9.999110626597971227588063092284e-01
4.791058868136710501527131267352e-01
4.385292396645786821413309092277e-01
5.063885156082795425047313186973e-02
9.509439322600232646020244897667e-01
6.947944796717173424819950777742e-01
4.780794688919840487652691135567e-01
3.963083857589827532189215297809e-01
6.928354336143203246389452032439e-01
5.294017576488159556495974311652e-01
5.741992593399681373410206423891e-02
4.385276003660807490349381188022e-01
5.335026902776486995593797912907e-01
5.742089934671585568928082674023e-02
5.159531341450128262619113190743e-03
5.069735384378657810461278263037e-02
5.335562790156478619671420737802e-01
4.147543180791903893490923938003e-01
6.946296255920678846857048427399e-01
1.454866956858401645246055278182e-01
5.293926183198361828962687225530e-01
4.755118458165105687765013316498e-07
9.999999888882136172131402662711e-01
8.379949975914341732657203420942e-01
5.293926177089333188477068836697e-01
9.999998854367241335060374762822e-01
9.531704673613805928666584121878e-01
1.946531368421261922016702635422e-05
5.450779508361517747033926639677e-01
7.388753705029932412526837148814e-01
6.928354631583724430681468786641e-01
1.019878733059637602019627776462e-01
9.045593558250142634971462107796e-01
5.323805474635350771053267371347e-01
3.136206670567535918119680266036e-01
5.272061708731647413630691523245e-01
6.947943887410727301025444024862e-01
7.944300101718191901476427696505e-02
5.335026902738361481563257593397e-01
5.293935545989269740563797073118e-01
5.069728507888910122832827089001e-02
5.067835119992468080561405334439e-02
4.502971240397393276318292049121e-01
5.325876017061233484348702071909e-01
3.963053219759382981147825819601e-01
5.271052444204394548613740179022e-01
3.963083930889906367352974042584e-01
5.068993698799499202862551584803e-02
9.999999958857269372991365130598e-01
5.315687613798081764793744541375e-01
3.963083977231038617804106255482e-01
5.343381563852410992028615574490e-02
5.069728514635800096827140948097e-02
6.584004865408439182600139035276e-03
5.734543494612828514324191775398e-01
7.064394307755831625716437527363e-01
3.964023239844880150157136605715e-01
4.370509807765337452847322075034e-01
5.813354340022391820584808652672e-01
9.999999989876356689083407303098e-01
6.945584777872586079261289782050e-01
4.766910467075207164650268304440e-01
6.786064066605540550980489936106e-02
9.999999583121969577823202890432e-01
3.305469122817004022315580391567e-01
5.069728467527237369434764055476e-02
4.384187410906975268726822742016e-01
1.030834193176234723656069751099e-08
6.947899978085885458294057581696e-01
9.528053177256451680633871081927e-01
4.592944332107868170018537962163e-01
5.323377726577093309876312354767e-01
5.069735215199666616343637977338e-02
4.859336182094465577850032206308e-01
1.817828453573896167245636454335e-01
3.972539876873298887542933915951e-01
4.853647887120721346725787936904e-01
8.253799821896312244341178347012e-03
9.999999986415247679011862602660e-01
5.293926184375522429404262170216e-01
6.947944785452592809417426966689e-01
4.385292397584974904728872396875e-01
1.747609079144110288347857907264e-08
4.411164439900043536708917901734e-01
2.799464990543046925646191586123e-01
6.931447421551224386676581801225e-01
5.435376017692167068700616339161e-02
6.947944795725687319905283789723e-01
6.120427351047699404619668872574e-01
4.089723399063978245190220531594e-03
6.928354369165353640841291393837e-01
5.069724493903191518188425419844e-02
6.928850456930107759687294255446e-01
6.603069227992567236541071595823e-01
9.665305155173341175567879035579e-01
6.220170768425136508883790953384e-01
4.385292396563858765222952695861e-01
4.385292397010395458478194952168e-01
5.311236464907174417075623462647e-01
5.293951159458006347317826634225e-01
9.966827145354492037822129180125e-01
5.498625270557972531101703292378e-02
5.069729403220481659211350822236e-02
5.540504407236746993730032440073e-01
5.335026904715949159596459494548e-01
5.295991811466986498254695681087e-01
7.352982559914127101696745825166e-01
5.741849389562983942245262547477e-01
5.293928266397867772033100641771e-01
5.338742569108763818644153471837e-02
3.983998057538730799310988661688e-01
6.939405963340366798649400115195e-01
5.014071450444323360808873938996e-09
4.076873715871240728611784448487e-01
3.963070074664361629819455540291e-01
9.670614380683582163257192010342e-01
5.069728671061993628658309297974e-02
4.794783449236432269074947853937e-01
5.739740755929465998897050227345e-02
5.069728441922011950986916815898e-02
5.293926107572077708815494467842e-01
3.890630031059054001990431259639e-02
5.271476454861830275187492556022e-01
3.963083931041729994536673697958e-01
5.076922100947312200994003539289e-01
3.966932795225003428418557305246e-01
3.451726727876543542971985131722e-09
2.091558336052843582838574505462e-04
9.531006101814837104768641726227e-02
9.259752603314535391969275490709e-01
6.947944785292854049112316883186e-01
5.069753334532754988583339202102e-02
6.947944799033786062217830925558e-01
1.510400378437229783658239124413e-06
5.069728396282462936690447682930e-02
5.069656323766514276337943889494e-02
1.315091424477675974551042021008e-08
3.514246837288025011097783504919e-07
3.967546289144407839477850935550e-01
5.296227044565810469778366353921e-01
3.963083931012942921442467059112e-01
2.070371611695504557521321786773e-02
6.903867265416780083908647434773e-08
5.335026903009528848010820101244e-01
2.504193597959113440278456491628e-01
5.069716631093998848557407276016e-02
8.395298402341337491911789359111e-01
3.366988331307853453457305319855e-09
6.673635563955511859558951404114e-01
9.369419859972951656907486084336e-01
3.962687978347566364388607912383e-01
5.071744716064216077202535075397e-02
1.755325716547321731872041919984e-09
5.335026248040536482066496792864e-01
5.293926184392447207498026695571e-01
3.963084155676361836464008381320e-01
9.999999332684533463332272884561e-01
9.998681571028894381485303821666e-01
3.963051888235611229396957583271e-01
5.729209323228932813866151607662e-01
3.963748894484513627940562574548e-01
5.288460613796481364851445605701e-01
9.392605569446227410114989841983e-01
9.990020598007737156012221524382e-01
3.528065172220790599066139042739e-01
7.279786195612172290187431735597e-09
6.947944749136873953385996893761e-01
8.219983324270551447325352282352e-09
5.288011782646109675020719420591e-01
4.385260292455565765625154217577e-01
5.335018686058579342112659360531e-01
5.294055269491480149313122893773e-01
5.293926183140853634250325154831e-01
3.066991262664420516640545466558e-01
4.304711270873576400126069019247e-01
5.946646449024011033793364611189e-01
5.293926241045443139687093347945e-01
9.999999895250759142156446457328e-01
5.069728446090598032776493829521e-02
5.331132758038040585354608302815e-01
6.947944797903566301121129622498e-01
6.947944796717173424819950777742e-01
4.385329376535840735745579166416e-01
3.963083992955087797756263956472e-01
4.306608249177844136739486818888e-01
4.385292282717771533868955646795e-01
5.675391263196850665591515483488e-01
5.069730038073966773859999404572e-02
5.327912325701315856239792534410e-01
6.947944798960490440258887245850e-01
1.782721123465672438048100666765e-05
1.467462306674964408601108119094e-03
1.945294137065385255898103573913e-02
6.928354428268227194220342524122e-01
5.069729171534930867493748234132e-02
4.340100094236841098880537409449e-06
9.999999198705840706253265837145e-01
4.385290948351747402484106935772e-01
6.947901310519164897036223371707e-01
2.205175007074516941995763455273e-08
4.385291018147191240725106531340e-01
5.588356783081914788799578197587e-01
6.945162900487546809072912645799e-01
4.385235655466350846798731510923e-01
1.876048108846959644055969121667e-05
5.232036113919028849986170293107e-01
5.707115832903911377182787009743e-02
2.906953584523455137733367187325e-01
5.742094948373051409176801712642e-02
6.936216126543755190118727138593e-01
9.563799713127047763018551140846e-01
7.819425871907207160880751752346e-09
8.948542345686561730424420905863e-06
1.971376326749362809205373073956e-02
6.352010587665628114262677497819e-08
5.335031283217770512058118759224e-01
2.666810476986646156712709027081e-02
0.000000000000000000000000000000e+00
5.069728505031839146884086247380e-02
5.225579652608936537323456282544e-02
3.029192642976767603754163250829e-02
5.249457540098745364606953878184e-01
5.069729160176776381650852291993e-02
6.934439117109570374013031990312e-01
6.928368055775567333084107024543e-01
4.385319707339221632512362564205e-01
5.353702235752259314550266511290e-01
3.963118055135242852327071005902e-01
5.072635584230239665873979371113e-02
5.293422486143369974794480048441e-01
5.335023077320765601217963935987e-01
4.621580583997093622395518908164e-01
4.240930114439847340530517771917e-01
6.947931691436208022707998743783e-01
1.447821901460292511840425785929e-01
9.203804938643190732276873344819e-01
6.947944796065324917465344523038e-01
5.321540471491135822126178345215e-01
5.069731195991472201602145476740e-02
5.062474131082297742101512583179e-02
9.637575252711447988717211043941e-01
5.293928631181454111821055308340e-01
1.703620296131707708862587646870e-01
6.947944797556990774054994086661e-01
7.946406559304153728600401726219e-09
4.339401281772908109074602528432e-01
7.213312219064887661422154699342e-02
6.947944690161665312068926814160e-01
1.728055364311135085772261712513e-03
7.638027351242902909540105627073e-01
5.294000078101021570424825068990e-01
4.575751390124654094345983426535e-09
9.584030518980412256054186859178e-01
6.928354332124353360264704115856e-01
9.999999928090223258393860750193e-01
3.546268750825470319955768500053e-01
5.451205435537804254496428019161e-02
5.171044658636862003157040612589e-01
3.989684200674583345919317622918e-01
6.947944798559908194932922820275e-01
6.933887520636062809682720331494e-01
5.069728525107096095428057570820e-02
5.069728963008320191737255538955e-02
2.280501472710093625536362380793e-07
4.385294733118679271139436076643e-01
5.293929778708689015513655373724e-01
5.800632007486846230292051341400e-08
6.841913906393165612423784213703e-02
7.329994834124413781591654559744e-01
5.069729612720066338037573465403e-02
5.293925833587035157962868980874e-01
1.062044271931565748949630286142e-04
9.556068903323733594633651589056e-01
4.260906977428918895726452087391e-02
5.294624129567948850718164810480e-01
5.919686860687018016452293385499e-02
5.742093560402183794976718918257e-02
5.343753867766461433013239212819e-01
8.768134419085841686905069894409e-02
6.947944998509646005128287393759e-01
9.999998934232103509826654341719e-01
5.069728501533440890685884919198e-02
6.801201537162209095855811002984e-01
3.879973405064079397736639259753e-01
9.766777202279115585744316552219e-01
6.928354377378000701734502009277e-01
7.702101272600591722620863232084e-09
5.334037041399820792508638944707e-01
8.498048004456910477860497449435e-08
4.161036895016124020896513407974e-01
6.947944739601208593302375526868e-01
4.960496744247236698189575110352e-01
6.938761074660273206276238366907e-01
5.463960645722804699981321220614e-02
2.785483141832107585036601427042e-01
9.999725279712550208275657903645e-01
5.276818515086579838911477746688e-01
9.559930185939380197076772893716e-01
5.069728432682068664441176093771e-02
3.963083966383049904164473375978e-01
3.963335088442465110750503876069e-01
5.325061610994581044547201142958e-01
4.385248930419816894743685609104e-01
3.974804468973703491286881411826e-01
5.069729758778664938640812036297e-02
5.293146322134808855566258378733e-01
6.947890417426827123223778692740e-01
5.286791920832886398722537391048e-01
5.335026901417613450764529381409e-01
6.201179392893440495485024577249e-01
5.055660176584708338147305870579e-07
6.928354500997217163354123525831e-01
3.962973712107053089401254020174e-01
7.784637632535135431098051450594e-01
4.385292399893098336965437111790e-01
6.947936308450685743108576897242e-01
9.564988186791116553104978581512e-01
9.024563273817250995986576078689e-01
6.947707673121414519287405986425e-01
2.852942294729144515920676167253e-01
5.269789538019646833711361055830e-01
5.335026901561927594732845370196e-01
5.069728435615502304682940259983e-02
4.385292396962115672547338068865e-01
5.044652666154602131914734541862e-01
3.963087953734961179893050986500e-01
4.180569914148376085708327942747e-01
9.999999218382456276439824993663e-01
5.293926184679689881805615681021e-01
2.154581762738335206258969908855e-02
5.293926178517793129955568143252e-01
2.799463673621282113470546803330e-02
6.934028838898388775948029849605e-01
6.931056408482435401367111049709e-01
1.172595910319865126130012888880e-05
6.947944782977335155408141198485e-01
5.448133252692353197389578400855e-01
5.305703538590041197140455275783e-01
8.559956614073719478310783848052e-01
7.422013228246537042413939755381e-02
5.294379267999833931705559730840e-01
5.078173145990217698752091160519e-02
5.069728441240174397785546445139e-02
3.373544405913812142588838888235e-01
4.385295701555932105131403730969e-01
4.664558775012724570381301286703e-01
4.125515056186475518304902082578e-01
6.928354422117923293615235347254e-01
9.504413156076422093915083422200e-01
6.947944796717173424819950777742e-01
8.806952908876604928949984041342e-01
1.960013633895794767045891359466e-09
4.299359715833337051787109428513e-01
2.462487610040877589843576374318e-02
4.462701723943091720533688643302e-01
9.864089815627035031368090647885e-02
4.385293235582115138886539346119e-01
4.385292397096209390664530575199e-01
2.941005050616358371114443690155e-08
3.156915398467157869396345487578e-01
7.363637081057773704943029033032e-09
3.963083936822089872894191164843e-01
6.477031641369860599896819686183e-01
3.022034924983362356336932114109e-01
5.293926184225541546114236768350e-01
8.689246158121630624559215971825e-01
5.909201453005001642993778906976e-02
4.862987272104637448964011697816e-01
6.942082124809655234486463482035e-01
7.556284240000735928093420376902e-07
9.036614696876430890279743857185e-02
5.244179734887297661730630460308e-01
3.963084148213409622246196362116e-01
6.054261076523939487273144599566e-01
5.154503310220138748089409308495e-01
5.069730880838302018753013106211e-02
4.183963830064324090386718157930e-01
6.934137853038200633619750345993e-01
5.300615547361638881917328403048e-01
3.963083930994300123904546667708e-01
1.963912881740716692643384989908e-06
9.999999931932322982702961156054e-01
9.999999905081470734152446211418e-01
6.928360498639415237251762413884e-01
5.335026902625267785371457329724e-01
