-21.106805426282381433
-34.036905426282388021
-23.875105426282381416
-18.797405426282381313
-29.245005426282382643
-32.313505426282382871
-23.669205426282381666
-26.724305426282384701
-29.036705426282381381
-28.37290542628238299
-37.183405426282384099
-35.198205426282385133
-33.690905426282384383
-25.409205426282383655
-18.530605426282381387
-18.564905426282383161
-31.514605426282383149
-22.343105426282381387
-21.518505426282384718
-15.276805426282384914
-22.150605426282382382
-18.589705426282382206
-9.0756754262823857715
-21.47780542628238365
-29.970205426282383598
-24.919205426282381666
-30.036905426282384468
-26.856605426282381899
-38.945205426282385019
-16.709805426282382967
-2.9233554262823853165
-14.509805426282385454
-26.035805426282383479
-21.663305426282384758
-33.33300542628238361
-2.2874354262823852757
-23.694605426282382865
-20.473305426282383479
-33.192705426282387293
-30.93230542628238311
-32.719605426282384997
-35.852605426282387668
-18.193905426282384497
-32.46350542628238145
-23.84720542628238249
-25.044705426282384053
-35.85600542628238685
-25.088605426282384769
-17.992905426282383985
-12.261405426282385278
-15.385005426282384988
-17.9451054262823817
-38.491405426282383928
-27.245305426282381944
-33.080205426282390135
-29.181405426282381654
-21.699505426282382103
-15.655305426282385639
-20.700705426282382859
-16.759305426282384843
-18.524105426282382325
-1.7964054262823851982
-36.714805426282389078
-37.442705426282387293
-9.0264354262823847108
-37.656005426282384008
-23.259505426282384377
-24.046305426282383877
-17.193105426282382808
-33.439205426282384792
-24.311905426282383047
-22.017305426282383962
-26.41250542628238307
-10.221765426282384936
-18.653505426282382729
-10.489765426282385619
-37.722505426282388896
-40.390805426282383905
-17.779405426282384184
-19.364105426282382183
-21.221705426282383655
-24.669005426282382132
-26.647305426282382967
-19.554305426282382996
-22.477605426282384116
-30.129805426282384673
-26.302805426282382939
-23.008405426282383388
-22.433505426282383866
-13.960605426282384656
-17.887705426282384025
-34.709405426282387452
-17.271305426282381745
-35.182105426282383576
-38.724005426282388953
-26.34130542628238203
-19.349105426282381615
-15.804705426282385616
-25.400305426282383081
-19.621405426282382933
-23.04060542628238295
-22.497005426282381535
-13.987305426282384602
-22.464005426282383837
-22.971505426282384121
-28.197105426282384144
-32.93680542628238328
-33.146205426282385531
-21.473305426282383479
-31.180705426282383286
-29.758205426282383854
-24.036005426282383013
-19.527705426282384593
-34.524805426282384246
-11.986005426282384079
-2.7833354262823855052
-25.992305426282381831
-22.477505426282384349
-40.875805426282383337
-2.803055426282385465
-16.006405426282384497
-19.712105426282384713
-12.452005426282386935
-23.158605426282381501
-10.66270542628238438
-16.247505426282387475
-36.282905426282383132
-20.304905426282381598
-13.221605426282385665
-13.232105426282384286
-25.467405426282383019
-34.430405426282383985
-9.5972954262823844118
-33.829405426282384894
-29.299105426282384457
-18.638405426282382393
-34.657605426282387384
-36.177305426282387657
-30.852205426282381495
-16.430905426282386372
-17.726105426282384059
-40.326605426282384315
-18.680605426282383519
-1.3999644262823851548
-22.157405426282384298
-26.19960542628238187
-40.754305426282385838
-30.033005426282382899
-28.738005426282384747
-9.7233754262823843817
-16.526905426282386458
-20.853405426282382251
-20.123105426282382524
-24.566805426282382285
-36.046005426282384576
-4.0504354262823856203
-21.627505426282382928
-12.904005426282385116
-25.184705426282384622
-24.187605426282381416
-19.182105426282383576
-15.397205426282386753
-27.040205426282383883
-40.932405426282386429
-29.342905426282381853
-32.721905426282383189
-8.793175426282385132
-24.457305426282381688
-10.939405426282384326
-8.7508154262823847347
-24.159205426282383655
-30.037105426282384002
-33.078205426282387691
-2.4565854262823849652
-34.256205426282384963
-14.032205426282384764
-27.419505426282384519
-15.237205426282384835
-34.591105426282389601
-39.586205426282383257
-30.845505426282382899
-27.252505426282382928
-21.782605426282383831
-1.5808054262823849623
-27.086005426282383723
-15.015805426282385682
-19.786605426282381615
-11.676405426282384425
-20.100805426282384758
-19.556505426282381421
-20.78750542628238307
-39.028105426282387214
-22.0590054262823827
-21.005405426282383274
-21.412305426282383536
-17.881705426282383797
-25.735505426282383468
-40.797005426282389351
-14.758605426282384698
-22.765105426282381984
-25.65410542628238133
-31.120305426282381944
-28.603805426282381319
-30.161705426282381381
-27.799305426282383991
-36.029705426282383485
-26.828105426282384371
-33.279705426282383485
-32.224205426282381381
-38.407905426282383132
-34.843505426282384008
-34.516505426282385827
-39.063005426282387589
-33.671805426282389817
-35.291405426282388191
