0.625000000000
0.918000000000
0.963000000000
0.820000000000
0.131000000000
0.000000000000
0.892000000000
0.912000000000
0.859000000000
0.173000000000
0.000000000000
0.533000000000
0.918000000000
0.000000000000
0.533000000000
0.558000000000
0.918000000000
0.909000000000
0.010000000000
0.905000000000
0.001000000000
0.001000000000
0.597000000000
0.963000000000
0.138000000000
0.636000000000
0.000000000000
0.060000000000
0.963000000000
0.512000000000
0.533000000000
0.006000000000
0.533000000000
0.083000000000
0.002000000000
0.773000000000
0.963000000000
0.920000000000
0.003000000000
0.024000000000
0.401000000000
0.773000000000
0.674000000000
0.773000000000
0.533000000000
0.531000000000
0.994000000000
0.994000000000
0.011000000000
0.994000000000
0.470000000000
0.909000000000
0.000000000000
0.674000000000
0.000000000000
0.000000000000
0.000000000000
0.773000000000
0.899000000000
0.963000000000
0.773000000000
0.363000000000
0.000000000000
0.106000000000
0.773000000000
0.963000000000
0.990000000000
0.909000000000
0.533000000000
0.918000000000
0.994000000000
0.104000000000
0.444000000000
0.773000000000
0.994000000000
0.918000000000
0.664000000000
0.084000000000
0.674000000000
0.425000000000
0.000000000000
0.000000000000
0.911000000000
0.140000000000
0.832000000000
0.046000000000
1.000000000000
1.000000000000
0.994000000000
0.674000000000
0.454000000000
0.368000000000
0.946000000000
0.011000000000
0.994000000000
0.962000000000
0.918000000000
0.000000000000
0.013000000000
0.674000000000
0.990000000000
1.000000000000
0.669000000000
0.009000000000
0.939000000000
0.918000000000
0.990000000000
0.963000000000
0.818000000000
0.994000000000
0.531000000000
0.921000000000
0.909000000000
0.915000000000
0.000000000000
0.909000000000
0.001000000000
0.963000000000
0.000000000000
0.071000000000
0.298000000000
0.510000000000
0.450000000000
0.000000000000
0.080000000000
0.454000000000
0.000000000000
1.000000000000
0.000000000000
0.953000000000
0.767000000000
0.040000000000
0.773000000000
0.000000000000
0.000000000000
1.000000000000
0.994000000000
0.994000000000
0.963000000000
0.916000000000
0.754000000000
0.993000000000
0.008000000000
0.773000000000
0.918000000000
0.080000000000
0.927000000000
0.016000000000
0.547000000000
0.674000000000
0.000000000000
0.963000000000
0.953000000000
0.994000000000
0.674000000000
0.909000000000
0.398000000000
0.994000000000
0.194000000000
0.438000000000
0.001000000000
0.773000000000
0.454000000000
0.994000000000
0.161000000000
0.773000000000
0.000000000000
0.533000000000
0.176000000000
0.118000000000
0.000000000000
0.994000000000
0.000000000000
0.443000000000
0.963000000000
0.000000000000
0.692000000000
0.000000000000
0.532000000000
0.000000000000
0.918000000000
0.437000000000
0.533000000000
1.000000000000
0.482000000000
0.000000000000
0.959000000000
0.052000000000
0.403000000000
0.471000000000
0.000000000000
0.000000000000
0.095000000000
0.000000000000
0.000000000000
0.438000000000
0.921000000000
0.316000000000
0.918000000000
0.963000000000
0.533000000000
0.994000000000
0.023000000000
0.000000000000
0.525000000000
0.918000000000
0.773000000000
0.100000000000
0.951000000000
0.000000000000
0.773000000000
0.917000000000
0.907000000000
0.799000000000
0.020000000000
0.622000000000
0.533000000000
0.994000000000
0.918000000000
0.840000000000
0.727000000000
0.176000000000
0.918000000000
1.000000000000
0.000000000000
0.994000000000
0.000000000000
0.019000000000
0.918000000000
1.000000000000
0.000000000000
0.773000000000
0.005000000000
0.053000000000
0.717000000000
0.773000000000
0.000000000000
0.910000000000
0.429000000000
0.003000000000
0.117000000000
0.000000000000
0.909000000000
0.773000000000
0.154000000000
0.909000000000
0.682000000000
1.000000000000
0.431000000000
0.909000000000
0.015000000000
0.933000000000
0.096000000000
0.918000000000
0.006000000000
0.770000000000
0.533000000000
0.533000000000
0.962000000000
1.000000000000
0.914000000000
0.952000000000
0.536000000000
0.020000000000
0.963000000000
0.963000000000
0.773000000000
0.764000000000
0.440000000000
0.454000000000
1.000000000000
0.533000000000
0.963000000000
0.773000000000
0.000000000000
0.000000000000
0.225000000000
0.000000000000
0.746000000000
0.908000000000
0.909000000000
0.839000000000
0.533000000000
1.000000000000
0.516000000000
0.916000000000
0.000000000000
0.449000000000
0.000000000000
0.918000000000
0.994000000000
0.911000000000
0.000000000000
0.505000000000
0.000000000000
0.000000000000
0.960000000000
1.000000000000
0.472000000000
0.773000000000
0.773000000000
0.000000000000
0.972000000000
0.000000000000
0.994000000000
0.000000000000
0.862000000000
0.456000000000
0.871000000000
0.770000000000
0.909000000000
0.917000000000
0.448000000000
0.367000000000
0.000000000000
0.994000000000
0.000000000000
0.001000000000
0.994000000000
0.966000000000
0.800000000000
0.947000000000
0.000000000000
1.000000000000
0.994000000000
0.003000000000
1.000000000000
0.410000000000
0.000000000000
0.533000000000
0.000000000000
1.000000000000
0.907000000000
1.000000000000
0.000000000000
0.909000000000
0.000000000000
0.012000000000
0.454000000000
0.963000000000
0.001000000000
0.526000000000
0.325000000000
0.000000000000
0.098000000000
0.000000000000
0.992000000000
0.532000000000
0.000000000000
0.362000000000
0.744000000000
0.017000000000
0.961000000000
0.773000000000
0.841000000000
0.918000000000
0.035000000000
0.454000000000
0.773000000000
0.993000000000
0.897000000000
0.773000000000
0.232000000000
0.004000000000
0.263000000000
0.960000000000
0.066000000000
0.454000000000
0.961000000000
0.680000000000
0.795000000000
1.000000000000
0.031000000000
0.239000000000
0.963000000000
0.507000000000
0.000000000000
0.000000000000
0.037000000000
0.309000000000
0.046000000000
0.000000000000
0.021000000000
0.000000000000
0.000000000000
0.994000000000
0.538000000000
0.000000000000
0.483000000000
0.001000000000
0.773000000000
0.660000000000
0.918000000000
1.000000000000
0.878000000000
0.084000000000
0.409000000000
0.962000000000
0.301000000000
0.444000000000
0.038000000000
0.155000000000
1.000000000000
0.002000000000
0.000000000000
0.974000000000
0.001000000000
0.951000000000
0.678000000000
0.533000000000
0.001000000000
0.184000000000
0.992000000000
0.031000000000
0.918000000000
0.773000000000
0.022000000000
0.533000000000
0.056000000000
0.099000000000
0.674000000000
0.615000000000
0.705000000000
0.000000000000
0.000000000000
0.916000000000
0.000000000000
0.408000000000
0.454000000000
0.838000000000
0.019000000000
0.533000000000
0.993000000000
0.000000000000
0.533000000000
0.000000000000
0.002000000000
0.452000000000
0.001000000000
0.909000000000
1.000000000000
0.000000000000
0.000000000000
0.000000000000
0.097000000000
0.004000000000
0.080000000000
0.533000000000
1.000000000000
0.445000000000
0.001000000000
0.000000000000
0.000000000000
0.000000000000
0.533000000000
0.994000000000
0.682000000000
0.745000000000
0.072000000000
0.995000000000
0.000000000000
0.904000000000
0.621000000000
0.000000000000
0.918000000000
0.994000000000
0.897000000000
0.918000000000
0.102000000000
0.922000000000
0.039000000000
0.463000000000
0.106000000000
0.533000000000
0.909000000000
0.011000000000
0.533000000000
0.619000000000
0.000000000000
0.002000000000
0.933000000000
0.993000000000
0.000000000000
0.963000000000
0.918000000000
0.358000000000
0.895000000000
0.773000000000
0.454000000000
0.486000000000
0.909000000000
0.713000000000
0.009000000000
0.909000000000
0.000000000000
0.790000000000
0.000000000000
0.000000000000
0.450000000000
0.682000000000
0.533000000000
0.185000000000
0.533000000000
1.000000000000
0.000000000000
0.444000000000
0.001000000000
0.980000000000
0.000000000000
0.007000000000
0.473000000000
0.000000000000
0.004000000000
0.180000000000
0.448000000000
0.442000000000
0.000000000000
0.994000000000
0.963000000000
0.963000000000
0.618000000000
0.038000000000
0.322000000000
0.000000000000
0.338000000000
0.793000000000
0.064000000000
0.000000000000
0.000000000000
0.519000000000
0.741000000000
0.000000000000
0.908000000000
1.000000000000
0.000000000000
0.773000000000
0.994000000000
0.292000000000
0.992000000000
0.746000000000
0.773000000000
0.454000000000
0.011000000000
0.003000000000
0.043000000000
0.000000000000
0.454000000000
0.909000000000
0.028000000000
0.000000000000
0.918000000000
0.773000000000
0.909000000000
0.773000000000
0.772000000000
0.000000000000
0.964000000000
0.909000000000
0.234000000000
0.000000000000
0.500000000000
0.994000000000
0.994000000000
0.911000000000
0.918000000000
1.000000000000
0.918000000000
0.994000000000
0.428000000000
0.034000000000
0.454000000000
0.000000000000
0.963000000000
0.001000000000
0.963000000000
0.180000000000
0.000000000000
0.773000000000
0.609000000000
0.000000000000
0.994000000000
0.533000000000
0.994000000000
0.015000000000
1.000000000000
0.992000000000
0.963000000000
0.138000000000
0.451000000000
0.000000000000
0.433000000000
0.011000000000
0.000000000000
0.934000000000
0.000000000000
0.918000000000
0.928000000000
0.917000000000
0.000000000000
0.110000000000
0.055000000000
0.922000000000
0.533000000000
0.918000000000
0.000000000000
0.906000000000
0.943000000000
0.862000000000
0.454000000000
0.217000000000
0.000000000000
0.994000000000
0.556000000000
0.316000000000
0.414000000000
0.000000000000
0.963000000000
0.309000000000
0.773000000000
0.661000000000
0.994000000000
0.918000000000
0.674000000000
0.002000000000
0.909000000000
0.918000000000
0.001000000000
0.039000000000
0.000000000000
0.773000000000
0.922000000000
0.000000000000
0.016000000000
0.773000000000
0.214000000000
0.414000000000
0.990000000000
0.000000000000
0.098000000000
0.454000000000
0.076000000000
0.000000000000
0.000000000000
0.000000000000
0.170000000000
0.533000000000
0.000000000000
0.918000000000
0.080000000000
0.909000000000
0.003000000000
0.933000000000
0.915000000000
0.952000000000
0.000000000000
0.963000000000
0.909000000000
0.001000000000
0.914000000000
0.963000000000
0.000000000000
0.909000000000
0.985000000000
0.174000000000
0.000000000000
0.482000000000
0.000000000000
0.606000000000
0.000000000000
0.298000000000
0.000000000000
0.000000000000
0.470000000000
0.000000000000
0.909000000000
0.994000000000
1.000000000000
0.533000000000
0.487000000000
0.000000000000
0.003000000000
0.909000000000
0.000000000000
0.262000000000
0.963000000000
0.883000000000
0.899000000000
0.308000000000
0.773000000000
0.533000000000
0.994000000000
1.000000000000
0.001000000000
0.000000000000
0.000000000000
0.000000000000
0.533000000000
0.000000000000
0.007000000000
0.454000000000
0.909000000000
0.453000000000
0.001000000000
0.647000000000
0.000000000000
0.994000000000
0.994000000000
0.773000000000
0.649000000000
0.000000000000
0.020000000000
0.909000000000
0.000000000000
0.918000000000
0.000000000000
0.654000000000
0.000000000000
0.001000000000
0.004000000000
0.670000000000
0.000000000000
1.000000000000
0.008000000000
0.963000000000
0.656000000000
0.909000000000
0.847000000000
0.090000000000
0.909000000000
0.773000000000
0.916000000000
0.000000000000
0.963000000000
0.000000000000
0.886000000000
1.000000000000
0.231000000000
0.006000000000
0.000000000000
0.533000000000
0.887000000000
0.533000000000
1.000000000000
0.886000000000
0.904000000000
1.000000000000
1.000000000000
0.706000000000
0.000000000000
0.963000000000
0.297000000000
1.000000000000
0.918000000000
0.429000000000
0.297000000000
0.000000000000
1.000000000000
0.081000000000
0.000000000000
0.897000000000
0.855000000000
1.000000000000
0.918000000000
0.773000000000
0.963000000000
0.064000000000
0.000000000000
0.963000000000
0.000000000000
0.883000000000
0.129000000000
0.492000000000
0.128000000000
0.323000000000
0.003000000000
0.533000000000
0.000000000000
0.046000000000
0.991000000000
0.917000000000
0.185000000000
0.773000000000
0.050000000000
0.000000000000
0.000000000000
0.773000000000
0.000000000000
0.909000000000
0.003000000000
0.516000000000
0.357000000000
0.990000000000
0.963000000000
0.000000000000
0.994000000000
0.277000000000
0.909000000000
0.001000000000
0.533000000000
0.893000000000
0.011000000000
0.126000000000
0.454000000000
0.909000000000
0.523000000000
0.000000000000
0.994000000000
0.531000000000
1.000000000000
0.994000000000
0.334000000000
0.000000000000
0.994000000000
0.808000000000
0.908000000000
0.677000000000
0.000000000000
0.674000000000
0.000000000000
0.000000000000
0.377000000000
0.015000000000
0.001000000000
1.000000000000
0.918000000000
0.001000000000
1.000000000000
0.909000000000
0.017000000000
0.263000000000
0.000000000000
0.909000000000
0.002000000000
0.454000000000
0.970000000000
0.912000000000
0.963000000000
0.903000000000
0.734000000000
0.918000000000
0.014000000000
0.000000000000
0.533000000000
0.854000000000
0.000000000000
0.533000000000
0.000000000000
0.909000000000
0.909000000000
0.592000000000
0.000000000000
0.000000000000
0.533000000000
0.145000000000
0.001000000000
0.000000000000
0.533000000000
0.008000000000
0.000000000000
0.683000000000
1.000000000000
0.519000000000
0.454000000000
0.066000000000
0.000000000000
0.042000000000
0.240000000000
0.823000000000
0.533000000000
0.457000000000
0.909000000000
0.909000000000
1.000000000000
0.994000000000
0.006000000000
1.000000000000
0.000000000000
0.008000000000
0.909000000000
0.773000000000
0.078000000000
0.504000000000
0.908000000000
0.014000000000
0.000000000000
0.674000000000
0.000000000000
0.000000000000
0.533000000000
0.000000000000
0.909000000000
0.138000000000
0.950000000000
0.002000000000
0.454000000000
0.302000000000
0.888000000000
1.000000000000
0.967000000000
0.533000000000
0.000000000000
0.000000000000
0.757000000000
0.811000000000
0.326000000000
0.000000000000
0.491000000000
0.909000000000
0.963000000000
0.959000000000
0.834000000000
0.942000000000
0.963000000000
0.909000000000
0.911000000000
0.533000000000
0.092000000000
0.918000000000
0.000000000000
1.000000000000
0.441000000000
0.963000000000
0.262000000000
0.994000000000
0.533000000000
0.011000000000
0.000000000000
0.056000000000
0.000000000000
0.001000000000
0.918000000000
0.828000000000
0.994000000000
0.446000000000
0.951000000000
0.001000000000
0.000000000000
0.773000000000
0.001000000000
0.773000000000
0.018000000000
0.312000000000
0.000000000000
0.466000000000
0.533000000000
0.000000000000
0.689000000000
0.000000000000
0.851000000000
0.772000000000
0.821000000000
0.909000000000
0.000000000000
0.994000000000
0.000000000000
0.002000000000
0.027000000000
0.421000000000
0.533000000000
0.004000000000
1.000000000000
0.006000000000
0.000000000000
0.000000000000
0.000000000000
0.994000000000
0.994000000000
1.000000000000
0.000000000000
0.000000000000
0.963000000000
0.000000000000
0.000000000000
0.773000000000
0.000000000000
0.000000000000
0.000000000000
0.352000000000
0.885000000000
0.013000000000
0.000000000000
0.963000000000
0.078000000000
0.000000000000
0.909000000000
0.011000000000
0.456000000000
0.780000000000
0.963000000000
1.000000000000
0.123000000000
0.042000000000
0.450000000000
0.918000000000
