0 6
0 7
0 23
0 30
0 44
0 50
0 55
0 70
0 71
0 74
0 81
0 87
0 88
0 105
0 144
0 164
0 176
0 185
0 193
0 201
1 10
1 24
1 26
1 28
1 43
1 45
1 46
1 58
1 62
1 68
1 69
1 76
1 77
1 85
1 86
1 95
1 104
1 109
1 110
1 116
1 118
1 133
1 136
1 137
1 141
1 148
1 165
1 174
1 180
1 189
1 190
1 207
1 209
1 210
1 213
1 214
2 15
2 18
2 21
2 47
2 123
2 145
2 192
2 208
3 14
3 27
3 51
3 53
3 54
3 59
3 80
3 96
3 139
3 145
3 147
3 152
3 153
3 173
3 177
3 178
3 181
3 208
4 33
4 41
4 113
4 138
4 154
4 204
5 20
5 39
5 40
5 42
5 48
5 60
5 92
5 99
5 111
5 112
5 130
5 142
5 183
5 184
5 187
5 199
5 203
6 7
6 23
6 30
6 44
6 50
6 55
6 70
6 71
6 74
6 81
6 87
6 88
6 105
6 144
6 164
6 176
6 185
6 193
6 201
7 23
7 30
7 44
7 50
7 55
7 70
7 71
7 81
7 87
7 88
7 105
7 136
7 144
7 164
7 174
7 176
7 185
7 193
7 201
8 13
8 35
8 56
8 62
8 67
8 117
8 140
8 149
8 158
8 182
8 195
8 196
8 207
9 17
9 29
9 31
9 32
9 33
9 41
9 61
9 63
9 83
9 93
9 94
9 97
9 100
9 107
9 108
9 113
9 128
9 138
9 150
9 154
9 161
9 189
9 200
10 24
10 28
10 43
10 45
10 46
10 58
10 62
10 68
10 69
10 76
10 77
10 85
10 86
10 104
10 106
10 109
10 110
10 116
10 118
10 133
10 136
10 137
10 141
10 148
10 165
10 172
10 174
10 180
10 189
10 190
10 207
10 209
10 210
10 212
10 213
10 214
11 12
11 16
11 34
11 37
11 38
11 41
11 79
11 91
11 103
11 113
11 115
11 154
11 171
11 200
11 206
11 211
12 16
12 34
12 37
12 38
12 41
12 52
12 79
12 91
12 103
12 113
12 115
12 126
12 154
12 171
12 179
12 205
12 206
12 211
13 35
13 50
13 56
13 67
13 117
13 140
13 149
13 158
13 182
13 185
13 195
13 196
14 27
14 51
14 53
14 54
14 59
14 80
14 96
14 139
14 145
14 147
14 152
14 166
14 168
14 173
14 177
14 178
14 181
14 208
15 18
15 21
15 47
15 98
15 123
15 192
16 34
16 37
16 38
16 41
16 79
16 91
16 103
16 113
16 115
16 126
16 154
16 171
16 205
16 206
16 211
17 29
17 31
17 32
17 33
17 61
17 63
17 79
17 83
17 93
17 94
17 97
17 100
17 107
17 108
17 128
17 150
17 161
17 189
17 200
18 21
18 47
18 98
18 123
18 192
19 20
19 73
19 89
19 112
19 119
19 132
20 73
20 89
20 119
20 132
20 203
21 36
21 39
21 47
21 123
21 181
21 192
22 57
22 75
22 102
22 114
22 122
22 124
22 157
22 198
23 30
23 44
23 50
23 55
23 70
23 71
23 74
23 81
23 87
23 88
23 105
23 144
23 164
23 176
23 185
23 193
23 201
24 28
24 43
24 45
24 46
24 58
24 62
24 68
24 69
24 76
24 77
24 85
24 86
24 104
24 109
24 110
24 116
24 118
24 133
24 136
24 137
24 141
24 148
24 156
24 162
24 165
24 174
24 180
24 189
24 190
24 207
24 209
24 210
24 213
24 214
25 26
25 40
25 49
25 52
25 64
25 78
25 84
25 90
25 95
25 126
25 127
25 129
25 131
25 143
25 146
25 160
25 163
25 166
25 167
25 168
25 169
25 170
25 179
25 191
25 194
25 197
26 49
26 52
26 64
26 69
26 78
26 84
26 90
26 95
26 109
26 126
26 127
26 129
26 131
26 143
26 146
26 160
26 163
26 165
26 166
26 167
26 168
26 169
26 170
26 179
26 191
26 194
26 197
27 51
27 53
27 54
27 59
27 80
27 96
27 137
27 139
27 145
27 147
27 152
27 173
27 177
27 178
27 181
27 208
28 43
28 45
28 46
28 58
28 62
28 68
28 69
28 76
28 77
28 85
28 86
28 104
28 109
28 110
28 116
28 118
28 133
28 136
28 137
28 141
28 148
28 165
28 174
28 180
28 189
28 190
28 201
28 207
28 209
28 210
28 213
28 214
29 31
29 32
29 33
29 61
29 63
29 66
29 83
29 93
29 94
29 97
29 100
29 101
29 107
29 108
29 128
29 150
29 161
29 164
29 189
29 200
30 44
30 50
30 55
30 70
30 71
30 81
30 87
30 88
30 105
30 144
30 164
30 176
30 185
30 193
30 201
31 32
31 33
31 61
31 63
31 74
31 83
31 93
31 94
31 97
31 100
31 107
31 108
31 128
31 150
31 161
31 189
31 193
31 200
32 33
32 61
32 63
32 83
32 93
32 94
32 97
32 100
32 107
32 108
32 128
32 150
32 161
32 171
32 189
32 200
33 61
33 63
33 83
33 93
33 94
33 97
33 100
33 107
33 108
33 128
33 150
33 161
33 189
33 200
33 204
34 37
34 38
34 41
34 79
34 91
34 103
34 111
34 113
34 115
34 154
34 171
34 184
34 206
34 211
35 56
35 67
35 117
35 140
35 149
35 158
35 182
35 195
35 196
36 39
36 147
36 181
37 38
37 41
37 79
37 91
37 103
37 113
37 115
37 154
37 171
37 187
37 206
37 211
38 41
38 52
38 79
38 91
38 103
38 113
38 115
38 126
38 154
38 171
38 179
38 205
38 206
38 211
39 40
39 42
39 48
39 60
39 92
39 99
39 111
39 112
39 130
39 142
39 147
39 183
39 184
39 187
39 199
39 203
40 42
40 48
40 60
40 92
40 99
40 111
40 112
40 130
40 142
40 167
40 183
40 184
40 187
40 199
40 203
41 79
41 91
41 103
41 113
41 115
41 138
41 154
41 171
41 204
41 206
41 211
42 48
42 60
42 92
42 99
42 111
42 112
42 130
42 142
42 167
42 170
42 183
42 184
42 187
42 199
42 203
43 45
43 46
43 58
43 62
43 68
43 69
43 76
43 77
43 85
43 86
43 104
43 105
43 109
43 110
43 116
43 118
43 133
43 136
43 137
43 141
43 148
43 165
43 174
43 176
43 180
43 189
43 190
43 207
43 209
43 210
43 213
43 214
44 50
44 55
44 56
44 70
44 71
44 81
44 87
44 88
44 105
44 144
44 164
44 176
44 182
44 185
44 193
44 201
45 46
45 58
45 62
45 68
45 69
45 76
45 77
45 85
45 86
45 104
45 109
45 110
45 116
45 118
45 133
45 135
45 136
45 137
45 141
45 148
45 156
45 165
45 174
45 180
45 189
45 190
45 207
45 209
45 210
45 213
45 214
46 58
46 62
46 68
46 69
46 76
46 77
46 85
46 86
46 104
46 105
46 109
46 110
46 116
46 118
46 133
46 136
46 137
46 141
46 148
46 165
46 174
46 176
46 180
46 189
46 190
46 201
46 207
46 209
46 210
46 213
46 214
47 54
47 98
47 123
47 178
47 192
47 208
48 60
48 84
48 92
48 99
48 111
48 112
48 130
48 142
48 167
48 170
48 183
48 184
48 187
48 199
48 203
49 52
49 64
49 78
49 83
49 84
49 90
49 95
49 126
49 127
49 129
49 131
49 143
49 146
49 160
49 163
49 166
49 167
49 168
49 169
49 170
49 179
49 191
49 194
49 197
50 55
50 70
50 71
50 81
50 87
50 88
50 105
50 144
50 158
50 164
50 176
50 185
50 193
50 196
50 201
51 53
51 54
51 59
51 80
51 96
51 139
51 145
51 147
51 152
51 153
51 173
51 177
51 178
51 181
51 208
52 64
52 78
52 84
52 90
52 95
52 126
52 127
52 129
52 131
52 143
52 146
52 160
52 163
52 166
52 167
52 168
52 169
52 170
52 179
52 191
52 194
52 197
52 205
52 211
53 54
53 59
53 72
53 80
53 82
53 96
53 139
53 145
53 147
53 152
53 173
53 177
53 178
53 181
53 202
53 208
54 59
54 80
54 96
54 98
54 125
54 139
54 145
54 147
54 152
54 173
54 177
54 178
54 181
54 208
55 70
55 71
55 76
55 81
55 87
55 88
55 105
55 136
55 144
55 164
55 174
55 176
55 185
55 193
55 201
55 213
55 214
56 67
56 117
56 140
56 149
56 158
56 182
56 195
56 196
57 75
57 102
57 114
57 122
57 124
57 149
57 156
57 157
57 159
57 188
57 198
58 62
58 68
58 69
58 76
58 77
58 85
58 86
58 104
58 109
58 110
58 116
58 118
58 133
58 136
58 137
58 140
58 141
58 148
58 165
58 174
58 180
58 189
58 190
58 195
58 207
58 209
58 210
58 213
58 214
59 80
59 96
59 139
59 145
59 147
59 152
59 153
59 173
59 177
59 178
59 181
59 208
60 92
60 99
60 111
60 112
60 130
60 142
60 175
60 183
60 184
60 187
60 199
60 203
61 63
61 83
61 93
61 94
61 97
61 100
61 107
61 108
61 128
61 150
61 161
61 189
61 200
62 68
62 69
62 76
62 77
62 85
62 86
62 104
62 109
62 110
62 116
62 118
62 133
62 136
62 137
62 141
62 148
62 165
62 174
62 180
62 189
62 190
62 207
62 209
62 210
62 213
62 214
63 83
63 93
63 94
63 97
63 100
63 107
63 108
63 128
63 146
63 150
63 161
63 179
63 189
63 197
63 200
64 78
64 84
64 90
64 95
64 126
64 127
64 129
64 131
64 139
64 143
64 146
64 160
64 163
64 166
64 167
64 168
64 169
64 170
64 179
64 191
64 194
64 197
65 72
65 82
65 106
65 118
65 121
65 134
65 151
65 153
65 155
65 159
65 162
65 172
65 186
65 188
65 202
65 212
66 101
66 128
66 161
66 164
67 104
67 110
67 116
67 117
67 140
67 148
67 149
67 158
67 182
67 195
67 196
68 69
68 76
68 77
68 85
68 86
68 104
68 109
68 110
68 116
68 118
68 120
68 133
68 136
68 137
68 141
68 148
68 165
68 169
68 174
68 180
68 189
68 190
68 207
68 209
68 210
68 213
68 214
69 76
69 77
69 85
69 86
69 104
69 109
69 110
69 116
69 118
69 133
69 136
69 137
69 141
69 148
69 165
69 174
69 180
69 189
69 190
69 207
69 209
69 210
69 213
69 214
70 71
70 81
70 87
70 88
70 105
70 144
70 164
70 174
70 176
70 185
70 193
70 201
70 213
71 74
71 81
71 87
71 88
71 105
71 144
71 164
71 176
71 185
71 189
71 193
71 201
72 82
72 106
72 121
72 134
72 151
72 153
72 155
72 159
72 162
72 172
72 186
72 188
72 202
72 212
73 89
73 119
73 125
73 132
74 87
74 97
74 144
74 193
75 102
75 114
75 122
75 124
75 149
75 157
75 198
76 77
76 85
76 86
76 104
76 109
76 110
76 116
76 118
76 133
76 136
76 137
76 141
76 148
76 165
76 174
76 180
76 189
76 190
76 201
76 207
76 209
76 210
76 213
76 214
77 85
77 86
77 104
77 109
77 110
77 116
77 118
77 133
77 136
77 137
77 141
77 148
77 165
77 174
77 180
77 189
77 190
77 207
77 209
77 210
77 212
77 213
77 214
78 84
78 90
78 95
78 126
78 127
78 129
78 131
78 139
78 143
78 146
78 160
78 163
78 166
78 167
78 168
78 169
78 170
78 179
78 191
78 194
78 197
79 91
79 103
79 108
79 113
79 115
79 150
79 154
79 171
79 206
79 211
80 96
80 139
80 145
80 147
80 152
80 173
80 177
80 178
80 181
80 192
80 208
81 87
81 88
81 105
81 144
81 164
81 176
81 185
81 193
81 201
81 213
81 214
82 106
82 121
82 134
82 151
82 153
82 155
82 159
82 162
82 172
82 186
82 188
82 202
82 212
83 93
83 94
83 97
83 100
83 107
83 108
83 128
83 150
83 161
83 189
83 200
84 90
84 95
84 126
84 127
84 129
84 131
84 143
84 146
84 160
84 163
84 166
84 167
84 168
84 169
84 170
84 179
84 191
84 194
84 197
85 86
85 104
85 109
85 110
85 116
85 118
85 127
85 133
85 136
85 137
85 141
85 148
85 165
85 174
85 180
85 189
85 190
85 207
85 209
85 210
85 213
85 214
86 88
86 104
86 109
86 110
86 116
86 118
86 133
86 136
86 137
86 141
86 148
86 165
86 174
86 180
86 189
86 190
86 207
86 209
86 210
86 213
86 214
87 88
87 105
87 144
87 164
87 176
87 185
87 193
87 201
88 105
88 144
88 164
88 176
88 185
88 189
88 193
88 201
89 92
89 112
89 119
89 132
89 175
90 95
90 126
90 127
90 129
90 131
90 139
90 143
90 146
90 160
90 163
90 166
90 167
90 168
90 169
90 170
90 179
90 191
90 194
90 197
91 103
91 113
91 115
91 154
91 171
91 184
91 206
91 211
92 99
92 111
92 112
92 130
92 132
92 142
92 175
92 183
92 184
92 187
92 199
92 203
93 94
93 97
93 100
93 107
93 108
93 128
93 150
93 161
93 179
93 189
93 197
93 200
94 97
94 100
94 107
94 108
94 128
94 146
94 150
94 161
94 163
94 179
94 189
94 197
94 200
95 109
95 126
95 127
95 129
95 131
95 143
95 146
95 160
95 163
95 166
95 167
95 168
95 169
95 170
95 179
95 191
95 194
95 197
96 123
96 139
96 145
96 147
96 152
96 173
96 177
96 178
96 181
96 192
96 208
97 100
97 107
97 108
97 128
97 150
97 161
97 189
97 193
97 200
98 125
98 178
98 208
99 103
99 111
99 112
99 130
99 142
99 183
99 184
99 187
99 199
99 203
100 107
100 108
100 128
100 150
100 161
100 171
100 189
100 200
101 128
101 161
101 164
102 114
102 124
102 135
102 149
102 156
102 157
102 198
103 113
103 115
103 154
103 171
103 199
103 206
103 211
104 109
104 110
104 116
104 117
104 118
104 133
104 136
104 137
104 140
104 141
104 148
104 165
104 174
104 180
104 189
104 190
104 207
104 209
104 210
104 213
104 214
105 144
105 164
105 176
105 185
105 193
105 201
105 207
105 214
106 121
106 133
106 134
106 151
106 153
106 155
106 159
106 162
106 172
106 180
106 186
106 188
106 202
106 209
106 210
106 212
107 108
107 128
107 150
107 161
107 189
107 191
107 200
108 128
108 150
108 161
108 189
108 200
109 110
109 116
109 118
109 133
109 136
109 137
109 141
109 148
109 160
109 165
109 174
109 180
109 189
109 190
109 194
109 207
109 209
109 210
109 213
109 214
110 116
110 118
110 133
110 136
110 137
110 141
110 148
110 165
110 174
110 180
110 189
110 190
110 207
110 209
110 210
110 213
110 214
111 112
111 130
111 142
111 183
111 184
111 187
111 199
111 203
112 130
112 142
112 175
112 183
112 184
112 187
112 199
112 203
113 115
113 138
113 154
113 171
113 204
113 206
113 211
114 122
114 124
114 149
114 157
114 188
114 198
115 154
115 171
115 206
115 211
116 117
116 118
116 133
116 136
116 137
116 141
116 148
116 165
116 174
116 180
116 189
116 190
116 207
116 209
116 210
116 213
116 214
117 140
117 148
117 149
117 158
117 182
117 195
117 196
118 133
118 136
118 137
118 141
118 148
118 165
118 174
118 180
118 189
118 190
118 207
118 209
118 210
118 212
118 213
118 214
119 132
120 127
120 169
121 134
121 151
121 153
121 155
121 159
121 162
121 172
121 177
121 186
121 188
121 202
121 212
122 124
122 157
122 188
122 198
123 145
123 192
124 135
124 149
124 156
124 157
124 198
125 178
126 127
126 129
126 131
126 143
126 146
126 160
126 163
126 166
126 167
126 168
126 169
126 170
126 179
126 191
126 194
126 197
126 205
126 211
127 129
127 131
127 143
127 146
127 160
127 163
127 166
127 167
127 168
127 169
127 170
127 179
127 191
127 194
127 197
128 150
128 161
128 189
128 200
129 131
129 139
129 143
129 146
129 160
129 163
129 166
129 167
129 168
129 169
129 170
129 179
129 191
129 194
129 197
130 131
130 142
130 183
130 184
130 187
130 199
130 203
131 143
131 146
131 160
131 163
131 166
131 167
131 168
131 169
131 170
131 179
131 191
131 194
131 197
132 175
133 136
133 137
133 141
133 148
133 162
133 165
133 174
133 180
133 189
133 190
133 207
133 209
133 210
133 213
133 214
134 151
134 152
134 153
134 155
134 159
134 162
134 172
134 186
134 188
134 202
134 212
135 149
135 156
135 157
136 137
136 141
136 148
136 165
136 174
136 180
136 189
136 190
136 201
136 207
136 209
136 210
136 213
136 214
137 141
137 148
137 165
137 174
137 180
137 189
137 190
137 207
137 209
137 210
137 213
137 214
138 154
138 204
139 145
139 147
139 152
139 168
139 173
139 177
139 178
139 181
139 208
140 149
140 158
140 182
140 190
140 195
140 196
141 148
141 165
141 174
141 180
141 189
141 190
141 207
141 209
141 210
141 212
141 213
141 214
142 175
142 183
142 184
142 187
142 199
142 203
143 146
143 160
143 163
143 166
143 167
143 168
143 169
143 170
143 179
143 191
143 194
143 197
144 164
144 176
144 185
144 193
144 201
145 147
145 152
145 173
145 177
145 178
145 181
145 208
146 160
146 163
146 166
146 167
146 168
146 169
146 170
146 179
146 191
146 194
146 197
147 152
147 173
147 177
147 178
147 181
147 208
148 165
148 174
148 180
148 189
148 190
148 207
148 209
148 210
148 213
148 214
149 157
149 158
149 182
149 195
149 196
150 161
150 189
150 200
151 153
151 155
151 159
151 162
151 172
151 177
151 186
151 188
151 202
151 212
152 153
152 173
152 177
152 178
152 181
152 208
153 155
153 159
153 162
153 172
153 186
153 188
153 202
153 212
154 171
154 204
154 206
154 211
155 159
155 162
155 172
155 186
155 188
155 202
155 212
156 157
156 162
156 180
157 198
158 182
158 185
158 195
158 196
159 162
159 172
159 180
159 186
159 188
159 198
159 202
159 212
160 163
160 166
160 167
160 168
160 169
160 170
160 179
160 191
160 194
160 197
161 189
161 200
162 172
162 180
162 186
162 188
162 202
162 210
162 212
163 166
163 167
163 168
163 169
163 170
163 179
163 191
163 194
163 197
164 176
164 185
164 193
164 201
165 174
165 180
165 189
165 190
165 207
165 209
165 210
165 213
165 214
166 167
166 168
166 169
166 170
166 179
166 191
166 194
166 197
167 168
167 169
167 170
167 179
167 191
167 194
167 197
168 169
168 170
168 179
168 191
168 194
168 197
169 170
169 179
169 191
169 194
169 197
170 179
170 191
170 194
170 197
171 200
171 206
171 211
172 186
172 188
172 202
172 212
173 177
173 178
173 181
173 208
174 180
174 189
174 190
174 201
174 207
174 209
174 210
174 213
174 214
176 185
176 193
176 201
176 207
177 178
177 181
177 186
177 208
178 181
178 208
179 191
179 194
179 197
179 205
179 211
180 189
180 190
180 207
180 209
180 210
180 213
180 214
181 208
182 195
182 196
183 184
183 187
183 199
183 203
184 187
184 199
184 203
185 193
185 196
185 201
186 188
186 202
186 212
187 199
187 203
188 198
188 202
188 212
189 190
189 200
189 207
189 209
189 210
189 213
189 214
190 195
190 207
190 209
190 210
190 213
190 214
191 194
191 197
193 201
194 197
195 196
199 203
199 206
201 213
201 214
202 212
205 211
206 211
207 209
207 210
207 213
207 214
209 210
209 213
209 214
210 213
210 214
213 214
