1 7
1 8
1 24
1 31
1 45
1 51
1 56
1 71
1 72
1 75
1 82
1 88
1 89
1 106
1 145
1 165
1 177
1 186
1 194
1 202
2 11
2 25
2 27
2 29
2 44
2 46
2 47
2 59
2 63
2 69
2 70
2 77
2 78
2 86
2 87
2 96
2 105
2 110
2 111
2 117
2 119
2 134
2 137
2 138
2 142
2 149
2 166
2 175
2 181
2 190
2 191
2 208
2 210
2 211
2 214
2 215
3 16
3 19
3 22
3 48
3 124
3 146
3 193
3 209
4 15
4 28
4 52
4 54
4 55
4 60
4 81
4 97
4 140
4 146
4 148
4 153
4 154
4 174
4 178
4 179
4 182
4 209
5 34
5 42
5 114
5 139
5 155
5 205
6 21
6 40
6 41
6 43
6 49
6 61
6 93
6 100
6 112
6 113
6 131
6 143
6 184
6 185
6 188
6 200
6 204
7 8
7 24
7 31
7 45
7 51
7 56
7 71
7 72
7 75
7 82
7 88
7 89
7 106
7 145
7 165
7 177
7 186
7 194
7 202
8 24
8 31
8 45
8 51
8 56
8 71
8 72
8 82
8 88
8 89
8 106
8 137
8 145
8 165
8 175
8 177
8 186
8 194
8 202
9 14
9 36
9 57
9 63
9 68
9 118
9 141
9 150
9 159
9 183
9 196
9 197
9 208
10 18
10 30
10 32
10 33
10 34
10 42
10 62
10 64
10 84
10 94
10 95
10 98
10 101
10 108
10 109
10 114
10 129
10 139
10 151
10 155
10 162
10 190
10 201
11 25
11 29
11 44
11 46
11 47
11 59
11 63
11 69
11 70
11 77
11 78
11 86
11 87
11 105
11 107
11 110
11 111
11 117
11 119
11 134
11 137
11 138
11 142
11 149
11 166
11 173
11 175
11 181
11 190
11 191
11 208
11 210
11 211
11 213
11 214
11 215
12 13
12 17
12 35
12 38
12 39
12 42
12 80
12 92
12 104
12 114
12 116
12 155
12 172
12 201
12 207
12 212
13 17
13 35
13 38
13 39
13 42
13 53
13 80
13 92
13 104
13 114
13 116
13 127
13 155
13 172
13 180
13 206
13 207
13 212
14 36
14 51
14 57
14 68
14 118
14 141
14 150
14 159
14 183
14 186
14 196
14 197
15 28
15 52
15 54
15 55
15 60
15 81
15 97
15 140
15 146
15 148
15 153
15 167
15 169
15 174
15 178
15 179
15 182
15 209
16 19
16 22
16 48
16 99
16 124
16 193
17 35
17 38
17 39
17 42
17 80
17 92
17 104
17 114
17 116
17 127
17 155
17 172
17 206
17 207
17 212
18 30
18 32
18 33
18 34
18 62
18 64
18 80
18 84
18 94
18 95
18 98
18 101
18 108
18 109
18 129
18 151
18 162
18 190
18 201
19 22
19 48
19 99
19 124
19 193
20 21
20 74
20 90
20 113
20 120
20 133
21 74
21 90
21 120
21 133
21 204
22 37
22 40
22 48
22 124
22 182
22 193
23 58
23 76
23 103
23 115
23 123
23 125
23 158
23 199
24 31
24 45
24 51
24 56
24 71
24 72
24 75
24 82
24 88
24 89
24 106
24 145
24 165
24 177
24 186
24 194
24 202
25 29
25 44
25 46
25 47
25 59
25 63
25 69
25 70
25 77
25 78
25 86
25 87
25 105
25 110
25 111
25 117
25 119
25 134
25 137
25 138
25 142
25 149
25 157
25 163
25 166
25 175
25 181
25 190
25 191
25 208
25 210
25 211
25 214
25 215
26 27
26 41
26 50
26 53
26 65
26 79
26 85
26 91
26 96
26 127
26 128
26 130
26 132
26 144
26 147
26 161
26 164
26 167
26 168
26 169
26 170
26 171
26 180
26 192
26 195
26 198
27 50
27 53
27 65
27 70
27 79
27 85
27 91
27 96
27 110
27 127
27 128
27 130
27 132
27 144
27 147
27 161
27 164
27 166
27 167
27 168
27 169
27 170
27 171
27 180
27 192
27 195
27 198
28 52
28 54
28 55
28 60
28 81
28 97
28 138
28 140
28 146
28 148
28 153
28 174
28 178
28 179
28 182
28 209
29 44
29 46
29 47
29 59
29 63
29 69
29 70
29 77
29 78
29 86
29 87
29 105
29 110
29 111
29 117
29 119
29 134
29 137
29 138
29 142
29 149
29 166
29 175
29 181
29 190
29 191
29 202
29 208
29 210
29 211
29 214
29 215
30 32
30 33
30 34
30 62
30 64
30 67
30 84
30 94
30 95
30 98
30 101
30 102
30 108
30 109
30 129
30 151
30 162
30 165
30 190
30 201
31 45
31 51
31 56
31 71
31 72
31 82
31 88
31 89
31 106
31 145
31 165
31 177
31 186
31 194
31 202
32 33
32 34
32 62
32 64
32 75
32 84
32 94
32 95
32 98
32 101
32 108
32 109
32 129
32 151
32 162
32 190
32 194
32 201
33 34
33 62
33 64
33 84
33 94
33 95
33 98
33 101
33 108
33 109
33 129
33 151
33 162
33 172
33 190
33 201
34 62
34 64
34 84
34 94
34 95
34 98
34 101
34 108
34 109
34 129
34 151
34 162
34 190
34 201
34 205
35 38
35 39
35 42
35 80
35 92
35 104
35 112
35 114
35 116
35 155
35 172
35 185
35 207
35 212
36 57
36 68
36 118
36 141
36 150
36 159
36 183
36 196
36 197
37 40
37 148
37 182
38 39
38 42
38 80
38 92
38 104
38 114
38 116
38 155
38 172
38 188
38 207
38 212
39 42
39 53
39 80
39 92
39 104
39 114
39 116
39 127
39 155
39 172
39 180
39 206
39 207
39 212
40 41
40 43
40 49
40 61
40 93
40 100
40 112
40 113
40 131
40 143
40 148
40 184
40 185
40 188
40 200
40 204
41 43
41 49
41 61
41 93
41 100
41 112
41 113
41 131
41 143
41 168
41 184
41 185
41 188
41 200
41 204
42 80
42 92
42 104
42 114
42 116
42 139
42 155
42 172
42 205
42 207
42 212
43 49
43 61
43 93
43 100
43 112
43 113
43 131
43 143
43 168
43 171
43 184
43 185
43 188
43 200
43 204
44 46
44 47
44 59
44 63
44 69
44 70
44 77
44 78
44 86
44 87
44 105
44 106
44 110
44 111
44 117
44 119
44 134
44 137
44 138
44 142
44 149
44 166
44 175
44 177
44 181
44 190
44 191
44 208
44 210
44 211
44 214
44 215
45 51
45 56
45 57
45 71
45 72
45 82
45 88
45 89
45 106
45 145
45 165
45 177
45 183
45 186
45 194
45 202
46 47
46 59
46 63
46 69
46 70
46 77
46 78
46 86
46 87
46 105
46 110
46 111
46 117
46 119
46 134
46 136
46 137
46 138
46 142
46 149
46 157
46 166
46 175
46 181
46 190
46 191
46 208
46 210
46 211
46 214
46 215
47 59
47 63
47 69
47 70
47 77
47 78
47 86
47 87
47 105
47 106
47 110
47 111
47 117
47 119
47 134
47 137
47 138
47 142
47 149
47 166
47 175
47 177
47 181
47 190
47 191
47 202
47 208
47 210
47 211
47 214
47 215
48 55
48 99
48 124
48 179
48 193
48 209
49 61
49 85
49 93
49 100
49 112
49 113
49 131
49 143
49 168
49 171
49 184
49 185
49 188
49 200
49 204
50 53
50 65
50 79
50 84
50 85
50 91
50 96
50 127
50 128
50 130
50 132
50 144
50 147
50 161
50 164
50 167
50 168
50 169
50 170
50 171
50 180
50 192
50 195
50 198
51 56
51 71
51 72
51 82
51 88
51 89
51 106
51 145
51 159
51 165
51 177
51 186
51 194
51 197
51 202
52 54
52 55
52 60
52 81
52 97
52 140
52 146
52 148
52 153
52 154
52 174
52 178
52 179
52 182
52 209
53 65
53 79
53 85
53 91
53 96
53 127
53 128
53 130
53 132
53 144
53 147
53 161
53 164
53 167
53 168
53 169
53 170
53 171
53 180
53 192
53 195
53 198
53 206
53 212
54 55
54 60
54 73
54 81
54 83
54 97
54 140
54 146
54 148
54 153
54 174
54 178
54 179
54 182
54 203
54 209
55 60
55 81
55 97
55 99
55 126
55 140
55 146
55 148
55 153
55 174
55 178
55 179
55 182
55 209
56 71
56 72
56 77
56 82
56 88
56 89
56 106
56 137
56 145
56 165
56 175
56 177
56 186
56 194
56 202
56 214
56 215
57 68
57 118
57 141
57 150
57 159
57 183
57 196
57 197
58 76
58 103
58 115
58 123
58 125
58 150
58 157
58 158
58 160
58 189
58 199
59 63
59 69
59 70
59 77
59 78
59 86
59 87
59 105
59 110
59 111
59 117
59 119
59 134
59 137
59 138
59 141
59 142
59 149
59 166
59 175
59 181
59 190
59 191
59 196
59 208
59 210
59 211
59 214
59 215
60 81
60 97
60 140
60 146
60 148
60 153
60 154
60 174
60 178
60 179
60 182
60 209
61 93
61 100
61 112
61 113
61 131
61 143
61 176
61 184
61 185
61 188
61 200
61 204
62 64
62 84
62 94
62 95
62 98
62 101
62 108
62 109
62 129
62 151
62 162
62 190
62 201
63 69
63 70
63 77
63 78
63 86
63 87
63 105
63 110
63 111
63 117
63 119
63 134
63 137
63 138
63 142
63 149
63 166
63 175
63 181
63 190
63 191
63 208
63 210
63 211
63 214
63 215
64 84
64 94
64 95
64 98
64 101
64 108
64 109
64 129
64 147
64 151
64 162
64 180
64 190
64 198
64 201
65 79
65 85
65 91
65 96
65 127
65 128
65 130
65 132
65 140
65 144
65 147
65 161
65 164
65 167
65 168
65 169
65 170
65 171
65 180
65 192
65 195
65 198
66 73
66 83
66 107
66 119
66 122
66 135
66 152
66 154
66 156
66 160
66 163
66 173
66 187
66 189
66 203
66 213
67 102
67 129
67 162
67 165
68 105
68 111
68 117
68 118
68 141
68 149
68 150
68 159
68 183
68 196
68 197
69 70
69 77
69 78
69 86
69 87
69 105
69 110
69 111
69 117
69 119
69 121
69 134
69 137
69 138
69 142
69 149
69 166
69 170
69 175
69 181
69 190
69 191
69 208
69 210
69 211
69 214
69 215
70 77
70 78
70 86
70 87
70 105
70 110
70 111
70 117
70 119
70 134
70 137
70 138
70 142
70 149
70 166
70 175
70 181
70 190
70 191
70 208
70 210
70 211
70 214
70 215
71 72
71 82
71 88
71 89
71 106
71 145
71 165
71 175
71 177
71 186
71 194
71 202
71 214
72 75
72 82
72 88
72 89
72 106
72 145
72 165
72 177
72 186
72 190
72 194
72 202
73 83
73 107
73 122
73 135
73 152
73 154
73 156
73 160
73 163
73 173
73 187
73 189
73 203
73 213
74 90
74 120
74 126
74 133
75 88
75 98
75 145
75 194
76 103
76 115
76 123
76 125
76 150
76 158
76 199
77 78
77 86
77 87
77 105
77 110
77 111
77 117
77 119
77 134
77 137
77 138
77 142
77 149
77 166
77 175
77 181
77 190
77 191
77 202
77 208
77 210
77 211
77 214
77 215
78 86
78 87
78 105
78 110
78 111
78 117
78 119
78 134
78 137
78 138
78 142
78 149
78 166
78 175
78 181
78 190
78 191
78 208
78 210
78 211
78 213
78 214
78 215
79 85
79 91
79 96
79 127
79 128
79 130
79 132
79 140
79 144
79 147
79 161
79 164
79 167
79 168
79 169
79 170
79 171
79 180
79 192
79 195
79 198
80 92
80 104
80 109
80 114
80 116
80 151
80 155
80 172
80 207
80 212
81 97
81 140
81 146
81 148
81 153
81 174
81 178
81 179
81 182
81 193
81 209
82 88
82 89
82 106
82 145
82 165
82 177
82 186
82 194
82 202
82 214
82 215
83 107
83 122
83 135
83 152
83 154
83 156
83 160
83 163
83 173
83 187
83 189
83 203
83 213
84 94
84 95
84 98
84 101
84 108
84 109
84 129
84 151
84 162
84 190
84 201
85 91
85 96
85 127
85 128
85 130
85 132
85 144
85 147
85 161
85 164
85 167
85 168
85 169
85 170
85 171
85 180
85 192
85 195
85 198
86 87
86 105
86 110
86 111
86 117
86 119
86 128
86 134
86 137
86 138
86 142
86 149
86 166
86 175
86 181
86 190
86 191
86 208
86 210
86 211
86 214
86 215
87 89
87 105
87 110
87 111
87 117
87 119
87 134
87 137
87 138
87 142
87 149
87 166
87 175
87 181
87 190
87 191
87 208
87 210
87 211
87 214
87 215
88 89
88 106
88 145
88 165
88 177
88 186
88 194
88 202
89 106
89 145
89 165
89 177
89 186
89 190
89 194
89 202
90 93
90 113
90 120
90 133
90 176
91 96
91 127
91 128
91 130
91 132
91 140
91 144
91 147
91 161
91 164
91 167
91 168
91 169
91 170
91 171
91 180
91 192
91 195
91 198
92 104
92 114
92 116
92 155
92 172
92 185
92 207
92 212
93 100
93 112
93 113
93 131
93 133
93 143
93 176
93 184
93 185
93 188
93 200
93 204
94 95
94 98
94 101
94 108
94 109
94 129
94 151
94 162
94 180
94 190
94 198
94 201
95 98
95 101
95 108
95 109
95 129
95 147
95 151
95 162
95 164
95 180
95 190
95 198
95 201
96 110
96 127
96 128
96 130
96 132
96 144
96 147
96 161
96 164
96 167
96 168
96 169
96 170
96 171
96 180
96 192
96 195
96 198
97 124
97 140
97 146
97 148
97 153
97 174
97 178
97 179
97 182
97 193
97 209
98 101
98 108
98 109
98 129
98 151
98 162
98 190
98 194
98 201
99 126
99 179
99 209
100 104
100 112
100 113
100 131
100 143
100 184
100 185
100 188
100 200
100 204
101 108
101 109
101 129
101 151
101 162
101 172
101 190
101 201
102 129
102 162
102 165
103 115
103 125
103 136
103 150
103 157
103 158
103 199
104 114
104 116
104 155
104 172
104 200
104 207
104 212
105 110
105 111
105 117
105 118
105 119
105 134
105 137
105 138
105 141
105 142
105 149
105 166
105 175
105 181
105 190
105 191
105 208
105 210
105 211
105 214
105 215
106 145
106 165
106 177
106 186
106 194
106 202
106 208
106 215
107 122
107 134
107 135
107 152
107 154
107 156
107 160
107 163
107 173
107 181
107 187
107 189
107 203
107 210
107 211
107 213
108 109
108 129
108 151
108 162
108 190
108 192
108 201
109 129
109 151
109 162
109 190
109 201
110 111
110 117
110 119
110 134
110 137
110 138
110 142
110 149
110 161
110 166
110 175
110 181
110 190
110 191
110 195
110 208
110 210
110 211
110 214
110 215
111 117
111 119
111 134
111 137
111 138
111 142
111 149
111 166
111 175
111 181
111 190
111 191
111 208
111 210
111 211
111 214
111 215
112 113
112 131
112 143
112 184
112 185
112 188
112 200
112 204
113 131
113 143
113 176
113 184
113 185
113 188
113 200
113 204
114 116
114 139
114 155
114 172
114 205
114 207
114 212
115 123
115 125
115 150
115 158
115 189
115 199
116 155
116 172
116 207
116 212
117 118
117 119
117 134
117 137
117 138
117 142
117 149
117 166
117 175
117 181
117 190
117 191
117 208
117 210
117 211
117 214
117 215
118 141
118 149
118 150
118 159
118 183
118 196
118 197
119 134
119 137
119 138
119 142
119 149
119 166
119 175
119 181
119 190
119 191
119 208
119 210
119 211
119 213
119 214
119 215
120 133
121 128
121 170
122 135
122 152
122 154
122 156
122 160
122 163
122 173
122 178
122 187
122 189
122 203
122 213
123 125
123 158
123 189
123 199
124 146
124 193
125 136
125 150
125 157
125 158
125 199
126 179
127 128
127 130
127 132
127 144
127 147
127 161
127 164
127 167
127 168
127 169
127 170
127 171
127 180
127 192
127 195
127 198
127 206
127 212
128 130
128 132
128 144
128 147
128 161
128 164
128 167
128 168
128 169
128 170
128 171
128 180
128 192
128 195
128 198
129 151
129 162
129 190
129 201
130 132
130 140
130 144
130 147
130 161
130 164
130 167
130 168
130 169
130 170
130 171
130 180
130 192
130 195
130 198
131 132
131 143
131 184
131 185
131 188
131 200
131 204
132 144
132 147
132 161
132 164
132 167
132 168
132 169
132 170
132 171
132 180
132 192
132 195
132 198
133 176
134 137
134 138
134 142
134 149
134 163
134 166
134 175
134 181
134 190
134 191
134 208
134 210
134 211
134 214
134 215
135 152
135 153
135 154
135 156
135 160
135 163
135 173
135 187
135 189
135 203
135 213
136 150
136 157
136 158
137 138
137 142
137 149
137 166
137 175
137 181
137 190
137 191
137 202
137 208
137 210
137 211
137 214
137 215
138 142
138 149
138 166
138 175
138 181
138 190
138 191
138 208
138 210
138 211
138 214
138 215
139 155
139 205
140 146
140 148
140 153
140 169
140 174
140 178
140 179
140 182
140 209
141 150
141 159
141 183
141 191
141 196
141 197
142 149
142 166
142 175
142 181
142 190
142 191
142 208
142 210
142 211
142 213
142 214
142 215
143 176
143 184
143 185
143 188
143 200
143 204
144 147
144 161
144 164
144 167
144 168
144 169
144 170
144 171
144 180
144 192
144 195
144 198
145 165
145 177
145 186
145 194
145 202
146 148
146 153
146 174
146 178
146 179
146 182
146 209
147 161
147 164
147 167
147 168
147 169
147 170
147 171
147 180
147 192
147 195
147 198
148 153
148 174
148 178
148 179
148 182
148 209
149 166
149 175
149 181
149 190
149 191
149 208
149 210
149 211
149 214
149 215
150 158
150 159
150 183
150 196
150 197
151 162
151 190
151 201
152 154
152 156
152 160
152 163
152 173
152 178
152 187
152 189
152 203
152 213
153 154
153 174
153 178
153 179
153 182
153 209
154 156
154 160
154 163
154 173
154 187
154 189
154 203
154 213
155 172
155 205
155 207
155 212
156 160
156 163
156 173
156 187
156 189
156 203
156 213
157 158
157 163
157 181
158 199
159 183
159 186
159 196
159 197
160 163
160 173
160 181
160 187
160 189
160 199
160 203
160 213
161 164
161 167
161 168
161 169
161 170
161 171
161 180
161 192
161 195
161 198
162 190
162 201
163 173
163 181
163 187
163 189
163 203
163 211
163 213
164 167
164 168
164 169
164 170
164 171
164 180
164 192
164 195
164 198
165 177
165 186
165 194
165 202
166 175
166 181
166 190
166 191
166 208
166 210
166 211
166 214
166 215
167 168
167 169
167 170
167 171
167 180
167 192
167 195
167 198
168 169
168 170
168 171
168 180
168 192
168 195
168 198
169 170
169 171
169 180
169 192
169 195
169 198
170 171
170 180
170 192
170 195
170 198
171 180
171 192
171 195
171 198
172 201
172 207
172 212
173 187
173 189
173 203
173 213
174 178
174 179
174 182
174 209
175 181
175 190
175 191
175 202
175 208
175 210
175 211
175 214
175 215
177 186
177 194
177 202
177 208
178 179
178 182
178 187
178 209
179 182
179 209
180 192
180 195
180 198
180 206
180 212
181 190
181 191
181 208
181 210
181 211
181 214
181 215
182 209
183 196
183 197
184 185
184 188
184 200
184 204
185 188
185 200
185 204
186 194
186 197
186 202
187 189
187 203
187 213
188 200
188 204
189 199
189 203
189 213
190 191
190 201
190 208
190 210
190 211
190 214
190 215
191 196
191 208
191 210
191 211
191 214
191 215
192 195
192 198
194 202
195 198
196 197
200 204
200 207
202 214
202 215
203 213
206 212
207 212
208 210
208 211
208 214
208 215
210 211
210 214
210 215
211 214
211 215
214 215
