-11.16489721115283
-8.180746256508051
-15.213909096470822
-10.048369489626841
-8.953539976648301
-7.869646040249371
-8.80332022751985
-24.555697908188225
-24.418277251508766
-19.79163633858045
-20.335386565785385
-25.091638424431732
-24.918333748575776
-15.904416294296531
-17.97252543182223
-15.152781728394608
-9.997314667659731
-8.54770685593895
-9.061800546449357
-8.417777066409347
-21.091151305491824
-17.063723724035757
-11.248798149423692
-6.252875961218873
-9.294269455262612
-7.658860362275017
-29.500177251508767
-20.070386168814025
-9.834933298070395
-10.023330168924884
-24.018510770171233
-13.768078741231262
-29.139677251508765
-20.287566353317597
-20.195299211846006
-24.974611309576456
-8.727400526980029
-5.731519416552097
-27.879533748575774
-16.09142681018141
-15.479506924802823
-12.850629855491768
-14.166599799353826
-18.24654315560355
-5.899982582777374
-10.214566126094484
-41.09987357475007
-37.28605771221968
-41.468134951252416
-43.0396586836701
-14.826796830791855
-23.859254535164297
-41.12621545479654
-39.34671100023964
-16.384305592395467
-30.93776301480521
-38.13884163004511
-35.84950128045923
-14.657150903228267
-33.25914292737161
-5.920333957077693
-8.469516782253034
-41.530243858538284
-38.07578877187046
-14.453346556635076
-9.080724090356739
-33.07440281873804
-37.46903281537462
-38.80496910889146
-46.98842463809294
-5.65648258277737
-14.897050942368578
-19.873960503482834
-32.09952852657497
-5.737681372849997
-9.432686672955212
-28.179628448589252
-33.11460888867277
-23.2686841150424
-32.300987092783856
-13.170081757901366
-7.327147219701448
-14.51055397157049
-15.062254074274174
-41.17226248152555
-41.171916312989886
-12.942962790925455
-10.815467553075978
-12.958654550951854
-7.992827731479227
-28.236497654560075
-33.82107576503723
-5.826824776531916
-9.419954940431106
-42.7561593648529
-42.538404967414834
-14.16294907164878
-17.379084632032917
-39.29350655354853
-55.47502044741088
-16.835963299669253
-31.787261329018968
-41.42095544842761
-42.17765010641592
-12.613069123834615
-9.394291387321823
-14.330670562508354
-14.347417525997882
-43.0401346176264
-43.4030862910259
-41.13204674326821
-39.90222194872426
-12.718229192745516
-19.80170756721789
-11.989099814046472
-16.115755404698277
-13.812662215188142
-20.317942564741454
-13.982411296398382
-12.746888673663976
-11.536584795745611
-11.246457146864689
-15.368132386305787
-6.739129409363035
-12.136242087889832
-14.163261336933362
-20.483532386305786
-5.630962505586111
-28.052792196151607
-26.612335019433594
-29.56747934148168
-22.39493492071542
-6.865035810567632
-8.069702467991272
-30.161715442536895
-22.41026982585761
-37.684605352994765
-22.585287083553656
-7.555575283794223
-10.383716029036036
-26.124092496540165
-23.891096138277245
-23.64415674493524
-23.758929925401077
-28.893140948215297
-29.5207692360053
-28.110048250465585
-19.47775264757508
-35.80920942895836
-24.207525404128173
-19.333025394824443
-18.136588435461583
-13.929725012253536
-6.420385447981791
-6.3100629672864965
-22.344269443406294
-17.616103579142006
-21.275828912599938
-35.56256932797562
-19.26239962072154
-33.558050596312576
-24.390962216940075
-34.91889932740577
-20.063036820738336
-6.3045717848504275
-15.37829777522087
-15.03841451643579
-8.57761128895888
-14.002014516435796
-8.785330119839479
-7.830127333323836
-6.223465379820716
-14.16301451643579
-7.567263219926974
-6.06399431033687
-7.509436213909074
-6.976760020641339
-19.054816058992316
-28.271698016571907
-30.375300961907797
-29.9109582633789
-28.509235731082345
-14.83157550272255
-30.33400612150029
-21.61382589366011
-36.24402490750688
-9.298654234137242
-22.07266421641274
-8.1224997716553
-22.11490104639011
-28.614736668552652
-40.71775904994225
-31.52132696480895
-40.473560114147666
-6.759540992800182
-18.600812797468045
-30.221261002519178
-37.1317157885446
-8.454126732427762
-21.126409728073526
-7.752009177841856
-38.43285236050613
-34.14821526343792
-40.32698449559246
-16.981932959170628
-38.0796230137509
-30.764336668552648
-40.23605655330043
-6.292015301154686
-8.080169220122912
-17.018966336218167
-14.837577684018969
-7.470404628865995
-9.370661647111845
-8.860280509912513
-27.59680914522567
-24.476997195769528
-22.834507237485994
-20.389754976867867
-28.130157790158993
-25.030887543645132
-19.00112104401067
-18.122819473837247
-18.287226725054403
-12.953704952857288
-14.488248095781287
-8.634949591804574
-10.975077066409344
-21.199213386594327
-20.15593675978304
-8.717420385247994
-6.705649151687955
-13.15185192477379
-14.500593786430976
-29.55889719576953
-23.11325706771957
-8.500274291119991
-11.672822116619264
-15.158689548307096
-7.892408474011906
-29.198397195769527
-23.330437252223142
-20.251764847896847
-28.015227900272077
-7.793960121080037
-7.782229965296886
-27.99208754364513
-19.18813155989555
-12.961931753732975
-17.043577424178025
-8.25257622317696
-29.170493510689315
-23.793979533274534
-24.332878227190196
-19.799838747216064
-29.721630212706394
-11.342820830505762
-7.4944429830705
-9.779003131303181
-12.124799034719539
-10.391571790725171
-14.107503585848372
-14.812783572678146
-15.95089559806606
-25.397882407796942
-25.5674998264361
-10.350338332361519
-13.880468846217903
-28.875879533274535
-24.611628057423772
-17.352260939605376
-6.493036414241709
-10.858746531123504
-16.212683008821976
-25.22629908889771
-20.14140666680172
-16.83526093960538
-5.7586281853393055
-28.515379533274533
-24.828808241927348
-19.64720055355225
-29.592052258126678
-27.689634586871854
-29.859293083287902
-13.069845569063043
-6.447278237512663
-21.858582139201324
-24.30657299879513
-6.952885341561517
-33.66771513733954
-14.053285803809658
-21.33932313977413
-15.88208854981729
-6.9719422331915
-11.747215306668382
-16.737221662319545
-9.947638510545687
-16.683391799660132
-12.67527161606335
-23.803493252916535
-11.529494420927232
-30.00964144391094
-27.21142649346555
-30.554222125195583
-13.008651352765822
-20.949445121147768
-17.62963698638305
-28.33791145685507
-27.69570638566676
-30.1825572158245
-11.579388549817288
-5.715277240765672
-10.315374593098372
-15.796559393804456
-26.56293923984331
-37.92463097068334
-23.562539239843307
-37.73593777005507
-7.003531727673768
-10.252012663552332
-30.979882905591698
-37.716190403064296
-14.674190277748265
-5.875968557373511
-9.97952297745389
-36.95623553495388
-26.561544258700973
-17.523619822302443
-18.424217532133575
-26.69007312146531
-22.323112394558226
-16.24351713529274
-27.462151577321457
-17.453024111336653
-25.82543923984331
-37.98002762435569
-9.652838394492681
-15.308084613132856
-22.017149663821666
-18.233258708541488
-9.907490024614066
-16.082648293309585
-13.344790277748265
-5.790687388254104
-23.36533923984331
-38.024723528427685
-10.109490277748263
-6.165409831347302
-6.781830757697108
-17.99246084641948
-15.219390277748266
-6.286220488341606
-25.88603923984331
-38.16939108671986
-25.526670147175643
-34.581576346067095
-12.774139860809456
-15.441909108814341
-7.512922161322093
-14.221742586882874
-35.36017448203441
-34.17523568881508
-35.72843585853676
-39.928836660265496
-9.094937769098193
-20.756272542781694
-35.38651636208088
-36.235888976835035
-10.644606499679812
-27.826940991400612
-32.399142537329446
-32.738679257054635
-8.91745181051261
-30.14832090396701
-13.487575239062775
-18.665635133549173
-35.79054476582263
-34.964966748465855
-10.09380132261651
-7.350055925649229
-27.334703726022383
-34.358210791970016
-33.06527001617581
-43.877602614688335
-14.134261410767177
-28.98870650317037
-6.802805513466319
-12.700555784829346
-13.604537484691024
-19.928419854107297
-22.439929355873595
-30.003786865268168
-17.528985022326744
-29.190165069379255
-10.085380810461928
-6.871323341573066
-6.101227126571003
-9.281804298585744
-35.43256338880989
-38.06109428958529
-14.461113765800972
-14.962495597262553
-9.366243846315173
-7.029294096153604
-22.496798561844418
-30.71025374163263
-12.640601772032607
-18.862609005242852
-5.637005513466314
-12.660203142387763
-37.016460272137245
-39.42758294401023
-7.4674121726322165
-13.31242480232741
-33.55380746083287
-52.364198424006275
-11.096264206953595
-28.67643930561437
-35.68125635571196
-39.066828083011316
-7.453310960039771
-6.863410292838036
-5.661819342945772
-8.307443375746356
-8.625005513466313
-8.706102665189958
-37.300435524910746
-40.2922642676213
-35.39234765055256
-36.79139992531966
-38.74623357425374
-40.89569719192446
-35.83696798304509
-40.66966088538247
-38.8590131104185
-40.90460862647431
-31.461962338513384
-45.0288313322612
-37.15464156997559
-40.60988334087624
-7.64955367528369
-5.970659753498312
-23.437622783912328
-39.95721135858114
-40.092896903493966
-40.773570265738
-26.212117438635943
-40.05313132424894
-6.029055095201582
-5.594280004296797
-7.1615889348285755
-39.915378796987405
-7.43419568692344
-5.6203536961061555
-7.21710776153853
-11.266181475550892
-7.553562479158889
-17.34065952575315
-32.660917176722286
-40.722803451519
-39.877763448621494
-40.95506548129623
-7.384849983285535
-10.068079267952193
-27.521220784569266
-27.417352682954355
-7.890273725773144
-19.30767910185024
-7.571117918748274
-8.8768960719782
-45.05865994855398
-41.23030240909789
-12.65752609682961
-7.38311084173453
-9.911880292030405
-24.2820052490285
-29.078147598985403
-27.60935734355872
-11.512830268529774
-23.20438053647205
-45.1810349238475
-42.59679621527199
-7.519852804476663
-38.12417904896478
-10.209426096829606
-6.537931135352637
-45.62930628366419
-41.66600067517619
-39.315638193912186
-41.215248290253825
-13.500326096829607
-6.417954564441775
-10.225726096829607
-6.073177066409348
-21.21682767619725
-27.129250333323245
-9.039316089782714
-7.967154504786728
-9.57384580117729
-33.84068473736151
-5.997279409411089
-17.709152405095704
-10.524535438419063
-15.362581914789729
-21.292059722438033
-23.834075218495393
-19.49252481409254
-23.780287243613184
-21.101050980627857
-29.78128175788724
-15.928707444662283
-31.960863608052186
-6.309718730758683
-7.204523502894914
-11.010221318947979
-16.503024227736123
-6.128379409411089
-17.863312644179807
-23.212273672553636
-31.472557283431854
-6.2304758107133065
-6.269335781277244
-29.645612531336543
-23.913525287288298
-25.280473115283385
-27.925596949425035
-30.27628082984369
-23.965292389882414
-46.74194591804108
-33.08308482531799
-23.84650749065762
-28.115105412617446
-20.57418468450037
-19.781645502955463
-20.39682176809783
-21.952052125281675
-5.584065709503716
-7.6521511740117285
-37.167388815511906
-29.97555038933941
-24.52998125197522
-14.368754403863042
-28.390365959870763
-28.634386177225913
-5.692367835535527
-17.997661356312737
-5.554867835535527
-15.008070651267467
-10.424695780015302
-27.89935943285311
-21.751645182975484
-26.851827693151424
-44.61990989302194
-29.76019736248587
-23.213046678018856
-15.486415475364373
-43.976239892452085
-30.560834562502667
-15.79207056797435
-12.835247784153777
-13.811388653134395
-13.233190628215334
-20.006441289991468
-11.68744029278469
-22.26541076077816
-7.271668770899636
-19.72977427906109
-12.356168255707795
-17.755210187834617
-12.698751062405774
-27.25915298073119
-24.47205559444962
-7.876679310544472
-16.61085540195491
-9.711217063436878
-8.333765932000146
-44.83262364201199
-38.32103681788924
-9.82876978987839
-21.515665462209828
-28.81608597602244
-24.664066435929097
-11.231787891078541
-20.24010887435416
-44.954998617305506
-39.68753062406334
-7.293867355659712
-35.21496431548116
-12.908355381496266
-6.5536311353526395
-45.4032699771222
-38.75673508396754
-39.08960188737019
-38.305982699045174
-12.568755381496269
-5.732977066409352
-20.954758236313573
-24.18395160877291
-10.742814698633095
-6.987423828970452
-26.78046681194534
-32.66097374207929
-23.78006681194534
-32.47228054145102
-12.45256014124069
-10.219856276413172
-31.19736906339753
-32.45249176016405
-10.197053078494184
-31.692580835288098
-26.132210487927892
-11.613101250823275
-6.7798750784543484
-10.698951053827702
-18.638842226259577
-21.423513014885227
-21.128630973657867
-9.567850913686298
-27.027132923323844
-11.536820656632953
-26.04296681194534
-32.716370395751646
-10.123762620872935
-10.297824038807024
-22.152976485411497
-12.887900729425237
-6.759544710489547
-7.453518178478981
-23.58286681194534
-32.76106629982363
-5.930625745631961
-11.660071033648249
-26.103566811945342
-32.90573385811581
-25.744242572990565
-29.31796397117593
-13.32801697879201
-10.514601426090813
-13.820250840746766
-16.198875599648275
-17.521248313131455
-12.159070099745248
-18.237787976957588
-6.200868770899637
-17.304293035858908
-12.887509796326182
-14.986531583078813
-12.886895241470539
-13.462852396898176
-8.000595104226646
-14.217489130744985
-20.23525413983109
-6.844893425926898
-6.6895333929365215
-11.59727335166384
-5.8982318253092
-6.990793705710252
-18.819514599467738
-12.972604023892892
-18.035092164329743
-11.78618163292827
-23.266203934685908
-9.08583904012965
-14.392736299810803
-8.724782620161715
-26.01576080659073
-14.860717015413826
-25.38546244852221
-16.89281605899231
-6.602913939609558
-17.97437238968342
-6.054749242665596
-25.215502765431918
-6.648952995550039
-21.553465271339864
-13.812662299052144
-20.598164509694467
-13.802756511260233
-22.497612735859096
-6.82853663288104
-18.290187931944157
-13.811926831434377
-12.577607066409342
-5.997977066409342
-7.645507066409347
-6.231417066409345
-10.550807066409345
-5.639177066409345
-8.459807066409347
-5.549477066409346
-9.350607066409346
-5.974277066409344
-6.607607066409346
-5.020577066409346
-10.256107066409342
-6.427777066409342
-10.895707066409344
-5.212777066409344
-8.885281785946296
-25.721553403013598
-24.501986572510074
-20.959239595980687
-20.41503034643473
-26.255176141480007
-25.05580009052738
-17.12577657264707
-18.1476607865252
-16.411811019496508
-8.801047344667793
-8.435333469345942
-7.955106610050427
-8.394977066409346
-21.224132089307666
-18.28059844425053
-9.4431061478304
-5.5310778960245095
-13.176460674485355
-12.62494551789669
-29.58388657251007
-21.237989426214263
-9.5195242216039
-10.791815028857322
-23.85876212963212
-14.692224037091078
-29.22338657251007
-21.455169610717835
-20.27680973886783
-26.14001577299721
-8.004406598965378
-6.092419424936376
-28.01700009052738
-17.312787088531948
-37.898417494743974
-30.004658275963862
-38.26667887124632
-35.75825924741428
-5.971948477022765
-10.924462825145483
-37.92475937479045
-32.06531156398382
-13.182849512389375
-23.656363578549392
-34.93738555003901
-28.56810184420341
-11.455694823222172
-25.977743491115795
-16.553880413496387
-15.023119882422005
-38.328787778532195
-30.794389335614635
-16.96287623554482
-7.5103104130167555
-29.872946738731944
-30.1876333791188
-35.603513028885374
-39.70702520183712
-16.672504423476738
-24.818129090319154
-16.206588550966682
-15.821650494822173
-24.97817236858316
-25.833209452416952
-20.067228035036305
-25.019587656528035
-18.12505824403458
-8.202180349584939
-8.985559474341459
-5.457316220795421
-37.970806401519454
-33.89051687673407
-19.857027065912757
-13.649588471813555
-16.6726136423582
-7.62684346663585
-25.035041574553983
-26.539676328781415
-6.165725939027101
-14.49217706640935
-6.6316259390270975
-11.442469068771011
-15.590909318296484
-15.104096125945949
-39.5547032848468
-35.25700553115901
-6.751035414079935
-5.8872276182143475
-36.092050473542436
-48.19362101115505
-13.634507219663158
-24.50586189276315
-38.21949936842152
-34.89625067016009
-13.932458605094354
-6.6337375123318365
-10.258840586190136
-6.195644193429938
-39.838678537620304
-36.12168685477008
-37.93059066326212
-32.62082251246844
-39.85941038623612
-32.81507523751313
-16.097001274817476
-6.145337488344778
-18.842930007646686
-31.174568596815895
-30.446751216428655
-15.970160783345708
-15.027625521327074
-30.203924867082787
-25.34928374201476
-31.324470579521577
-7.775374847924403
-9.542111578292532
-25.145031479503988
-31.158686036233842
-33.34583766130935
-31.22748732886046
-29.19616945702389
-16.32249931755905
-28.515714413224963
-31.81950261217425
-21.049919197330997
-31.23701076060287
-25.51393628394716
-15.514407967966486
-6.679088634014048
-30.127177669164144
-30.683333919232954
-15.57306766222326
-25.075639199962563
-30.83168405976397
-31.308267085193663
-15.611919840270279
-11.075714554840243
-27.558774636335503
-7.314506682057148
-6.6737770554122715
-13.702098389710148
-27.33306776616014
-15.018950818738467
-30.733878899463818
-8.133335861094082
-7.948916758058305
-32.63139836497196
-16.346851654596254
-28.870223182653042
-15.564084158269726
-28.10947931701261
-30.996554717510335
-32.36753057232999
-15.769054062923491
-20.974961846240245
-40.35093558413244
-48.29544471864093
-40.863189434280976
-9.32172905022333
-31.542363544702038
-9.681666126094479
-7.916265407952712
-7.166707882051217
-20.18622986828103
-31.268556577171864
-40.07962845626299
-7.585334814497799
-20.64332451995065
-5.2263692338674215
-10.152354050141518
-7.888766126094484
-7.26918788288259
-47.04486295923616
-41.215527968494314
-30.61007450437354
-40.95819785204582
-7.919975849160153
-25.15140256115502
-43.36262978615943
-40.407436618901755
-8.629693177274959
-39.12211736114805
-48.53202742144523
-40.46609631315852
-6.360361840161598
-19.160741848686
-49.15696058740593
-40.504948491205546
-9.132966126094482
-8.411512746676562
-15.427283302943254
-38.954678533161506
-33.873243000626275
-40.27684852270439
-18.308966319838373
-38.98427084501136
-12.998803891835617
-35.758067121283965
-33.350543000626274
-40.21045904631349
-50.48009186718423
-41.23988030553152
-46.71891668486531
-40.45711280920499
-6.273331189331217
-16.204741738551935
-50.21622407454226
-40.66208271385876
-21.054107384833646
-29.431318463023544
-11.937949546758793
-11.359048350845766
-42.532137723629326
-34.60536387495448
-19.631487284876215
-29.632172450884287
-23.431444338625987
-28.370992401129325
-21.003208635642093
-28.290526236874186
-17.03328059148728
-5.1011873449278955
-24.753787569503814
-32.553960278060075
-32.95758062110014
-31.4978294389759
-32.83561935327731
-28.40647974921338
-24.180557765459003
-30.1566652268624
-6.7122150148729895
-29.918965911759045
-17.418313046047686
-28.250582800271875
-40.410101698610184
-31.282476412122357
-30.627925420065417
-28.63338146145918
-39.76643169804032
-32.08311361213915
-7.976652326227458
-13.361991921175527
-23.937719342044222
-36.78399290894705
-6.550122050092638
-8.584433458066123
-12.684109000579445
-31.051382285519576
-7.846117307453603
-9.370592820398116
-11.940976252734178
-34.356784139407914
-27.319674125048444
-33.68267281275418
-6.356937342846235
-6.71629811870879
-36.16023609439102
-34.60142949064306
-7.936904397423171
-16.145350256590138
-7.723393254814148
-19.72066464654601
-11.785737875941127
-27.825121761563654
-26.64574182646504
-34.15456298910065
-9.54151630066122
-18.290312603275126
-10.087564529455296
-22.933683369727138
-37.62551521011872
-35.59639653444919
-30.656649112947377
-35.02216507818145
-6.784138378501857
-10.597608072496584
-38.896541622528886
-40.582862247209796
-35.744655468155415
-34.59264451121317
-9.343611391580389
-18.742005364587932
-26.218878868988266
-33.62582489541784
-6.97034144317319
-10.566402908265509
-30.36073942767307
-37.390690850587596
-8.39189554472286
-28.387225301115592
-12.745768673692154
-31.51088256557226
-6.20906672024698
-14.259193608054993
-7.958101536804381
-12.528612057323068
-33.857490050360404
-34.452528176378
-30.54284445304632
-34.373407279066235
-6.823169433913439
-10.99993696984333
-6.028324355486248
-8.612315423472683
-6.90736781653935
-9.719074615911078
-34.627401651056594
-26.514190856095126
-27.513648595842184
-22.88826436247475
-6.731647908366009
-22.346668735025975
-43.94395113622273
-23.544334968984163
-13.233182008588296
-5.519277066409345
-27.45201584276375
-24.356179701255453
-41.19387489901477
-23.75258790890926
-44.84218835079041
-23.47136915396557
-6.462741127688725
-7.255637781361078
-32.313272923724774
-26.606827411524915
-12.982582008588295
-6.031177066409346
-38.406455518266846
-23.26087283214664
-32.15069363919046
-26.964160177045944
-6.6683544831008605
-9.966047040845204
-29.26248975055981
-29.111428108442148
-7.521199827635738
-8.442859943672259
-19.4778820085883
-6.763568517509385
-25.58990848499683
-23.28312295304825
-35.49138317261655
-26.797460689781406
-27.442005198142677
-7.062986604545986
-17.368032645034816
-6.37190682301279
-32.302393778839566
-7.536098643891947
-26.14764289324595
-7.5755215091499535
-25.964407033606435
-8.762421541217279
-26.512917006734824
-6.7331117446103805
-36.05103723398434
-15.302737365111142
-26.098203373160846
-8.710416599504878
-32.52390519814268
-7.341736434779563
-24.27996095677824
-8.715980146964357
-35.87937451963237
-9.876564810024028
-32.16340519814268
-7.558916619283135
-17.359470089378295
-6.386404506440371
-38.34283417485604
-19.594575383759732
-35.263593778839564
-7.723109159776826
-34.43870845042832
-23.513790856095124
-27.32495539521391
-19.887864362474748
-6.542954707737736
-19.346268735025973
-43.75525793559446
-20.54393496898416
-12.315888807960025
-6.396277066409344
-27.263322642135478
-21.35577970125545
-41.0051816983865
-20.752187908909256
-44.653495150162136
-20.470969153965566
-9.026976306943485
-7.008166161244111
-32.1245797230965
-23.606427411524912
-38.217762317638574
-20.260472832146636
-31.962000438562185
-23.96376017704594
-7.197727004981641
-7.683712763354256
-29.073796549931533
-26.111028108442145
-8.549297850108427
-6.6592511667732195
-25.401215284368558
-20.282722953048246
-14.874988807960026
-6.603519436021423
-35.30268997198828
-23.797060689781404
-30.93113365222923
-34.41896021382327
-9.930774776019614
-33.65900639764104
-26.52413504581598
-14.237729673538883
-18.375258660496318
-23.392633313949485
-22.2877374079045
-12.959661212760453
-27.424756398404163
-14.167147996540791
-25.776690856095126
-34.68279830472895
-7.676057705189385
-10.082822987950994
-21.970368199504144
-14.9379963083454
-9.785871665905388
-12.712548998722342
-23.316590856095125
-34.727494208800934
-6.407406158992876
-14.369555311836683
-25.837290856095127
-34.87216176709312
-12.524471213626827
-6.20573619317125
-25.47788220020547
-31.284307463218358
-8.00365912135118
-7.422947433477502
-6.6991630225498175
-26.939568082577214
-43.73562678079793
-27.961394846926794
-27.496753777726653
-29.026301869585783
-40.98390226106677
-28.167999504328684
-44.633942537095784
-27.88850757363837
-22.15076436247475
-27.569045249514534
-32.10483107038697
-31.023769791554546
-38.20681948069949
-27.686621027946707
-31.942221445341428
-31.381072216564345
-19.69066436247475
-27.613741153586524
-29.054045750699203
-33.528368341948976
-22.211364362474754
-27.758408711878705
-25.778777435639025
-28.097376137057875
-35.2829414563845
-31.214403206916785
-14.193497775220864
-6.565213688422624
-19.944683959455766
-31.465957437147775
-25.82787168587866
-27.237517940723496
-45.06757138310383
-41.34308194526265
-13.88818449264581
-28.362177551258817
-8.409503572332095
-7.044581418520325
-8.054975603218775
-19.850393972775965
-6.173357995214699
-15.881693169980057
-45.18994635839735
-42.70957575143676
-7.557403604382941
-38.26559795048596
-45.638217718214044
-41.77878021134095
-39.32454962846203
-41.32802782641859
-7.025957995214695
-13.960829252795877
-6.450338895547532
-12.46662965428844
-28.36048506956388
-27.392191586182804
-26.5622898636879
-7.13349740387435
-28.47590956745853
-6.751086127331666
-26.693960784932806
-6.714884278269226
-22.15407043304795
-6.567462274123109
-14.950335213290707
-6.715652440496388
-39.193529091625734
-15.821494927577742
-25.74877346639412
-6.9747374389980425
-22.602744544158593
-6.596189218852591
-39.67780898382694
-15.44983001820666
-13.301159760333185
-6.654233137469133
-13.740889588841275
-7.556840987423351
-10.502489588841273
-6.753036632881042
-18.098414152932264
-7.9867869300850955
-49.19179408889072
-33.946031173357525
-15.4416044403212
-18.394324021242202
-33.02291424185476
-20.13671861035098
-15.368691361597582
-15.642836253462763
-49.314169064184235
-35.31252497953164
-11.653274357241077
-30.840195225652092
-49.76244042400093
-34.38172943943583
-43.44877233424892
-33.93097705451347
-6.063731472906702
-16.3962500752216
-25.161556390620756
-19.656573671669655
-19.917105906048306
-7.427538944975225
-44.772846097505756
-39.63871040481973
-14.316304250059536
-7.736110841734532
-9.618440582203906
-22.682787385972077
-28.79444438606425
-26.019875977407644
-11.230271919552742
-21.61604403426509
-44.89522107279927
-41.00520421099384
-7.23403603030803
-36.53258412156622
-11.671604250059536
-6.694331135352642
-45.34349243261597
-40.07440867089804
-39.029824342863954
-39.62365628597568
-15.178404250059534
-6.790254564441777
-12.379404250059535
-6.92107706640935
-20.933124930044226
-25.539769433940293
-9.560200097299681
-7.182260359073769
-18.93775579733001
-15.432430319697563
-18.55867648434752
-31.957504157789373
-27.920484578701508
-40.447080647212395
-18.195956522002614
-28.866363558942222
-17.499827909069325
-29.388626238468248
-36.971282495815345
-46.97070193186906
-39.87787279207164
-46.72650299607447
-19.54745461503901
-29.285123474370984
-36.61935336324275
-41.426205203932284
-17.94707461502003
-28.515754665329908
-7.528062965977224
-7.990940987423352
-16.358843407424352
-44.93608364475274
-42.50476109070061
-46.57992737751927
-24.713849599097017
-43.7079367083414
-39.120882495815344
-46.488999435227235
-28.91263369746058
-28.59718467109292
-10.83485169133634
-27.739004842410637
-20.407307810978025
-36.43922935712136
-16.39273871173491
-30.568471226306965
-15.699587125571691
-31.09371093260306
-29.794321710030484
-43.29906662371664
-32.700912006286785
-43.054867687922055
-17.682737839830544
-30.925732176794963
-29.110247428863584
-37.422424747185566
-16.13661738066435
-30.210622908606673
-6.087037488344775
-15.397971648172597
-9.316123659986433
-41.39868937494727
-35.327800304915755
-42.90829206936685
-17.34455752357612
-39.84397011045295
-31.94392171003048
-42.81736412707482
-27.025007118654926
-30.21488356991971
-25.921691618756473
-44.120174115210666
-42.57696573833811
-44.93653302236752
-28.696186273480087
-44.21609408087846
-5.821593976412392
-7.065712807292984
-9.645657769672722
-44.07834155361693
-6.668833268917204
-11.522974542890996
-6.5676695619742835
-6.4327214929423775
-8.893292759857767
-14.621260395655506
-9.21741128895888
-17.123656420007993
-35.14498601156643
-44.885766208148524
-42.36183228346564
-45.11802823792575
-8.421853743971422
-7.549622139040458
-19.236021816170613
-16.50760117966837
-18.633418261625305
-17.12338891758238
-25.871365625577074
-22.471957388188933
-28.777955921833374
-22.227758452394347
-19.52101416487377
-15.859855350763892
-18.60601598239594
-10.014040149643623
-18.789680857801052
-15.959533234669077
-14.632090639419072
-7.038871648172597
-14.931690639419074
-7.794782171781699
-6.141540872960656
-21.319953436847193
-31.404844220462344
-22.081182833839144
-11.657924268762102
-17.25318370456463
-28.020965625577073
-21.99025489154711
-28.658937974474167
-14.944661274664652
-29.691320313494636
-37.1522542854494
-9.108270055071868
-5.757241868097287
-18.43770997202986
-31.419643662021926
-10.019457454026192
-6.158593372022637
-17.694577224184595
-34.72504551591026
-33.07327509649886
-34.05093418925652
-13.302639693389606
-8.276660874304094
-41.913837065841435
-34.96969086714542
-15.439567620127944
-18.262673884346842
-16.679192104328564
-23.291123901112357
-17.539338847391544
-28.193383138066
-5.983806315195051
-11.006909463754615
-32.39934279791546
-34.52282436560299
-15.329314806038234
-18.69277151370407
-15.913471431391239
-23.374250676715015
-43.37911618156914
-35.96465791095154
-36.410250084397795
-35.3904264546838
-16.990810615004207
-15.418940714050866
-44.650142593979304
-40.95112362371215
-41.49825643960583
-34.960905887715526
-15.113249853081177
-19.126304231140654
-31.97247984043868
-33.99408627192019
-14.169870329004617
-12.38059219914887
-6.025706315195049
-11.626489648258188
-36.114340399123485
-37.75895222708994
-17.257119447718996
-31.867109609163656
-18.499369645142572
-31.87914394207461
-6.911142526498815
-6.096313452069434
-39.61109102181082
-34.820789552880356
-36.29644542449674
-34.74166865556858
-14.892308814970688
-13.68373675595251
-9.40853452320443
-6.6071859962428
-18.583511457286892
-27.966404228861553
-27.36499263168901
-22.97771609033808
-6.591959633521038
-9.101025885781755
-8.699019983542303
-10.505917193042995
-21.196437814377507
-24.37347091558504
-8.968185665010562
-9.56739899648281
-31.315889204121405
-30.9466079288449
-21.328536244086585
-24.319768064027304
-10.76008627122493
-5.956936101458505
-19.518840339066884
-24.33387812284969
-31.14423207899055
-25.5204409629789
-9.9494966725818
-5.7240266873189505
-6.97845963352104
-10.142282318199234
-18.415304396431385
-27.82125740709015
-33.607682993704096
-35.23844279620448
-30.326192631689008
-23.164726606222963
-36.81033478899352
-25.998372630064175
-12.068424926592451
-17.58942464462975
-33.822960964242085
-22.50116291028377
-10.341270237425247
-19.910804557196155
-15.272679324586909
-8.789404445389808
-37.21436319273527
-24.72745040169499
-22.766835473960214
-8.361755303309433
-28.758522152935022
-24.120694445199156
-34.48908844308845
-33.640086267917475
-15.558079837679816
-18.75119015639951
-14.847952012675476
-9.51049960840825
-23.863747782786234
-19.766270518497308
-18.952803449239383
-18.952648722608394
-24.201859613729063
-9.326467371156705
-17.21475829232189
-8.734000690653133
-6.1113402871498135
-12.474377066409346
-36.85638181572253
-27.823577942814428
-25.469738445473503
-14.309785503251584
-22.31743653196683
-8.319152008121762
-23.920616988757057
-20.47273739486177
-5.731540287149814
-9.105477066409346
-14.340476424233247
-8.901148883759994
-38.440278699049884
-29.19006659723937
-12.270413079015134
-6.454090935026829
-34.97762588774551
-42.126682077235415
-12.520082633866235
-18.43892295884351
-37.1050747826246
-28.829311736240452
-20.43651280995202
-8.185277369066785
-17.10606984407069
-8.090359103187772
-38.724253951823385
-30.054747920850442
-36.8161660774652
-26.553883578548803
-14.744762288599402
-31.077724165566046
-6.321088364572964
-5.811252469543993
-14.001629540754134
-34.38312601945438
-29.3803274130684
-33.70901469280064
-7.6123765805594115
-5.93742594844848
-38.220889382410974
-34.62777137068954
-11.684709427835028
-17.858843879028505
-12.778761727792112
-22.74172171155049
-13.846391163961082
-27.851463641610124
-6.182878128220469
-14.557009463754616
-28.706395114484998
-34.18090486914711
-11.632508718771112
-18.34699361341153
-12.214578448751892
-23.02638588105025
-39.68616849813868
-35.62273841449566
-32.717302400967334
-35.04850695822792
-13.249904342374052
-15.029062628395295
-40.95719491054884
-40.60920412725627
-37.80530875617537
-34.61898639125965
-11.418686029382712
-18.78276859441677
-28.27953215700822
-33.65216677546431
-5.8222938895271215
-7.3840439466459555
-6.062178128220469
-15.01398964825819
-32.421392715693024
-37.41703273063406
-13.362705187517243
-31.323723535936487
-14.806421961712111
-31.53722444561873
-5.982678128220466
-11.998493608054993
-5.1865921916358975
-7.722791304181099
-35.91814333838036
-34.478870056424476
-32.60349774106628
-34.39974915911271
-5.599589205777384
-7.742045333733788
-5.709493016618282
-6.259172676631232
-21.396409763571384
-7.5359067428124344
-13.731309763571378
-7.056568770899636
-16.157018473286158
-17.10241344713964
-23.028909763571384
-7.967555304999457
-12.786716908767325
-16.04925878054526
-19.59000976357138
-5.97296250558611
-25.170208287502746
-23.31401925593147
-11.39455903448811
-7.081038005185606
-24.56888618767136
-23.931088448559393
-25.41439754749522
-22.887220915038043
-28.320987843751517
-22.64302197924346
-25.44420687221267
-22.65527966303376
-15.843060682991727
-8.123316455170372
-24.71111529098987
-22.753199272788862
-13.812859034488108
-7.091871648172598
-13.67955903448811
-7.4148821717816995
-6.382357519707168
-22.43300168852467
-30.947876142380487
-22.496446360688253
-10.520203741951985
-16.987694782685477
-27.563997547495216
-22.40551841839622
-34.55856923594988
-21.71652414107133
-46.318545156854974
-19.510316134602817
-15.784135273619713
-18.628796030206214
-25.854252162462323
-19.497800410799933
-14.533139863986687
-6.235045867079999
-29.376820218831444
-18.811918360030365
-25.667620804783706
-19.349636772344354
-33.82215363251377
-19.37216471089566
-45.06796339745021
-19.86265466881616
-17.286971100683502
-8.259120710463579
-21.61107384310161
-19.466526817204276
-41.38573022437348
-19.054563319223593
-6.924325790446907
-18.040776236427792
-46.55512785965927
-19.11322301348037
-25.52594572151708
-18.950351992149276
-47.180061025619985
-19.152075191527388
-14.231357913319604
-18.382779405645657
-32.02832878734619
-19.055960571532104
-17.25737388396198
-18.556704671242763
-15.028507507112622
-18.411796998668763
-31.50562878734619
-18.9895710951412
-48.50319230539827
-19.887007005853363
-44.74201712307936
-19.104239509526835
-28.596488882054654
-19.15192569338317
-48.239324512756305
-19.3092094141806
-32.861711653372964
-19.091542340447376
-26.704345023988676
-19.128349461914706
-26.505575177317493
-20.299715506950367
-27.055748693394584
-18.27206925329217
-36.103737847011416
-26.351563800160246
-26.640503195241717
-20.248842243607776
-33.048304228861554
-18.862261287520468
-24.820037450263424
-20.25218246247157
-17.640752405095704
-6.823684181547319
-35.93194486581923
-20.92526097823291
-32.68780422886155
-19.07944147202404
-7.260934052745257
-7.28399429182936
-38.39560824213818
-30.643475273063903
-18.323652405095704
-6.650639379975026
-35.82291165337296
-19.278552856332254
-30.025321060454587
-21.069208786351663
-37.83987438805036
-21.53588946118562
-7.778070608852888
-9.401544696671062
-26.03077818641026
-22.5931151707237
-23.55158888866425
-22.461695411706444
-28.7659424252752
-28.18890405564156
-28.26531728552118
-18.42835502520704
-35.71139258609597
-22.90504190384214
-19.488294429880042
-17.087190813093542
-14.547791669677176
-5.833785447981789
-6.246724376519304
-21.07626419521546
-17.46933822038423
-19.92439689641852
-35.71783836303122
-18.213001998353498
-33.46094081210303
-23.0891857753069
-35.074168362461364
-19.013639198370296
-16.084995152221254
-45.73788493105992
-26.35610801310743
-46.807885283697196
-13.538940286145174
-29.78226744959625
-26.155799413745886
-46.64604440355869
-34.3461394110952
-46.70437951172926
-7.343154791429782
-8.946075085047891
-29.20791367341609
-46.988292305448326
-22.069131932495967
-46.73281392885079
-6.688218579842152
-11.165280696944427
-7.616229854437115
-45.54090932267016
-9.232079663969582
-8.598403840042835
-26.069906143577064
-46.30254143646142
-9.31193162249102
-8.092174810650581
-12.823233388048967
-43.78288390262718
-16.127150837023482
-29.963011643461552
-16.012825935839842
-44.12038574537278
-15.896583167367673
-46.08810168117597
-15.604450837023483
-29.896622167070653
-8.352496502873636
-6.544540225580882
-10.524036511310516
-11.694487920010147
-29.112231075419874
-46.47589690900055
-9.18758448793056
-7.065698411607007
-6.7119108417345315
-7.833777066409351
-7.242010841734529
-11.444264511833621
-42.54767204131522
-35.19979938855339
-19.646884534309415
-30.226470896230513
-9.02847939557425
-8.273507644804841
-23.469434562048274
-28.987883820464642
-8.20707939557425
-7.2158414645418985
-21.04104468376684
-28.90726348091196
-24.80555547387272
-33.18462937834201
-32.97311493878603
-32.092264952574816
-32.87510638543045
-29.024867977279545
-24.19609208314489
-30.751100740461315
-6.738919530807554
-30.524571623606636
-17.430787990963584
-28.8419589411008
-40.425636016296075
-31.876911925721274
-30.666999833110314
-29.251357070417104
-9.453479395574247
-7.548800190418284
-39.78196601572621
-32.67754912573807
-15.94312999289308
-33.870589007576
-31.126792841364853
-43.99311475254304
-28.64626798914893
-43.86035943905588
-6.077111914607541
-13.262873942694748
-6.396802275904508
-22.306666505659653
-33.92343632874221
-49.65038288597332
-11.298790828427666
-17.76581349497827
-40.815479923998225
-44.31311416860914
-19.28610385474906
-33.18898516482731
-11.286679055273241
-42.420203800834145
-22.663132257781218
-41.422175860680255
-8.300694453041901
-7.099843015228923
-38.56375853998081
-44.49598843004943
-6.546872007663126
-6.790327770436805
-7.93012021916463
-14.124293970016248
-17.19238933547012
-24.756698978028584
-16.32318309217012
-5.858227496109541
-8.34561206968264
-13.332101942505814
-27.678133962342283
-31.696129228416705
-17.23344368412454
-24.61195204541619
-28.059616090338082
-27.643742461922585
-14.029183092170115
-7.018336414241711
-15.444704248604019
-24.647018573737753
-27.506488142295524
-26.269973567634796
-12.868383092170113
-5.640128185339301
-27.69911609033808
-27.860922646426157
-18.93130942832979
-32.72453898033948
-29.969921378028513
-35.98795772187982
-10.377001141791766
-7.602811657676648
-12.436883092170113
-5.789334256176871
-13.376083092170113
-5.135757788233417
-18.32972214108997
-16.033691160776662
-16.530172506718685
-15.979888459868661
-18.409082932411923
-22.251267233300638
-13.400204076058424
-24.59431376307766
-20.715426269053953
-16.772184564819515
-6.972499682157431
-7.627256114574909
-20.67562471675302
-24.09786185126057
-21.19970616125516
-16.400519655448434
-5.273477066409343
-10.439017066409342
-6.716377066409344
-8.384377066409346
-5.811477066409343
-9.480777066409345
-6.0912770664093445
-9.294577066409346
-5.876677066409344
-10.869277066409346
-5.208477066409341
-11.93083557280099
-11.908477066409343
-5.936277066409347
-6.026077066409344
-8.777377066409343
-14.204877066409342
-6.7182658805720505
-10.082577066409343
-6.207538728265227
-5.922477066409344
-6.8191770664093445
-28.090350340814613
-11.247552568818998
-6.978836429162843
-11.027371030896447
-20.971379427633973
-8.967104830399572
-31.481752569307794
-13.473840060230218
-29.811941396976547
-9.885861508288466
-23.025911529507546
-12.867084103734383
-28.756477819660972
-22.386475926452704
-9.052847237036865
-6.72495783771926
-20.29744712905057
-9.438995006746046
-18.13113715935876
-8.512660177032535
-13.258299442263375
-7.737144997595087
-31.27722051270425
-10.880828552094588
-24.308354415532907
-10.30659709582685
-31.12377119229506
-16.569967601349653
-32.54824692511442
-15.867294264855198
-6.799040005187114
-9.99461018667047
-29.396360770740944
-9.877076528858575
-18.188006365329585
-9.219127053396997
-19.870584171573796
-8.910256913063241
-32.70766807562241
-17.936456255774598
-24.0124447302586
-12.675122868232995
-29.245015264318038
-30.87307173577064
-6.6600329700544
-7.057873576994374
-7.778540005187115
-10.554163020289307
-31.372464159197122
-17.575701394775677
-27.509195352945937
-9.736960194023403
-24.19454975563185
-9.657839296711634
-32.99164332839591
-18.801137579385667
-31.08355545403772
-15.300273237084026
-26.177651277215876
-21.116514173711145
-23.697526815519826
-20.984159250743847
-28.95545502941929
-26.754942571967483
-24.284185061550552
-12.823748713418238
-35.86391024128198
-21.43408547120998
-11.366016438970737
-7.341438734366064
-16.23296575749535
-5.895485447981791
-6.3549771426441275
-19.561042873522112
-17.68364673351025
-18.51523132172637
-31.745517517624663
-12.617207065128767
-33.612571641832325
-21.617342517218017
-31.101142770974143
-13.417139519064904
-5.548620848765987
-6.767012141225301
-30.326961838686803
-29.655974237800905
-33.2335521349431
-29.41177530200632
-10.377914969127271
-9.44517679151964
-31.92260968807122
-26.05905449182114
-6.08777236998589
-5.986045383356161
-5.83827000291683
-10.256977066409341
-9.465322065740086
-27.372155266128864
-35.86044043357207
-29.265199683451115
-18.692258749131277
-27.01593882143605
-32.4765618386868
-29.17427174115908
-20.583239305785472
-9.597383242478202
-42.97585003917367
-6.96121304527514
-26.50799453745871
-7.797137569290446
-40.225657639964886
-7.169349823199407
-43.874090699315474
-6.888250675830667
-21.609168735025975
-6.7870445620383615
-31.34487775609144
-10.023411417231614
-37.43879421770202
-6.6781907049218425
-31.182300112912774
-10.380745824108294
-19.149068735025974
-6.831740466110351
-28.29409464567644
-12.528012176898818
-21.669768735025976
-6.976408024402531
-24.63811993368771
-6.716313575079165
-34.522988011664985
-10.214044702169875
-10.50441982097373
-31.39575219470295
-25.883117693287993
-30.72164086804921
-9.379399271910875
-8.214284534828916
-34.723679662630566
-31.640397545938104
-8.325710869286121
-15.009681215508573
-10.382709611867957
-20.855505490655304
-10.349181444180678
-24.86408981685869
-25.20918539470459
-31.193531044395684
-8.109437913890615
-15.333758703560006
-8.653932886017596
-19.975576213344926
-36.18895877835827
-32.63536458974423
-29.220092681186927
-32.06113313347649
-11.997131307024059
-14.286125488074273
-37.459985190768435
-37.62183030250483
-34.308099036394964
-31.631612566508213
-7.9026667441679965
-15.776585204231028
-24.782322437227815
-30.66479295071288
-10.39572430882226
-12.467310260970066
-28.92418299591262
-34.42965890588263
-10.891923824585588
-29.362778068033805
-11.309212241931705
-28.549850620867296
-6.288048685144566
-9.334083692718737
-32.42093361859996
-31.49149623167304
-29.10628802128587
-31.412375334361272
-10.81654957865872
-13.468841601644094
-9.081174953867542
-10.140690508909465
-14.534908288192984
-31.83868831392325
-7.137881922459789
-10.096211099592837
-8.586600775507812
-7.615397745921538
-22.806834968984163
-43.99934778989508
-11.929058632038428
-26.622229287077133
-9.919968766982318
-15.174002248100674
-11.233900408026019
-26.44698311312007
-20.346734968984162
-44.04404369396707
-10.28476584134973
-8.444735017807778
-8.820075685477196
-29.0686302105981
-22.867434968984163
-44.188711252259246
-9.77216584134973
-6.757854564441774
-22.432292601944578
-40.52512323723456
-10.107265841349735
-6.7790247654109805
-15.113662677026399
-26.81935636142982
-15.837840414341933
-6.636727906093037
-28.69569346703128
-15.2861308516437
-15.632588435784086
-6.469943646758229
-25.507517786483522
-8.212868108278913
-44.48730317165515
-16.437333686434595
-28.26396495142774
-16.391453804621314
-11.077162811223593
-6.087955028739755
-40.80506999857842
-15.629242336842033
-14.641800620573187
-5.711353300043539
-6.2114217223275965
-14.483211411721982
-45.974467633864215
-15.687902031098806
-17.736840382667733
-8.316585896713427
-46.59940079982492
-15.726754209145826
-7.156521579128408
-8.463282314867957
-31.293118559366228
-15.476089586965639
-9.00250152250698
-7.45717155320126
-13.733249921522262
-14.271878656491902
-30.770418559366227
-15.409700110574738
-47.922532079603215
-16.461686023471803
-44.1613568972843
-15.678918527145273
-20.303134673137073
-8.013910727879086
-47.65866428696125
-15.883888431799038
-8.31313005310186
-18.603407008443252
-8.395256060090274
-18.449266835168725
-14.36454225809254
-19.452967353458433
-10.379630689463449
-6.356248044577455
-11.518680030241772
-28.028279850438768
-29.738370111656934
-36.337489774159046
-11.314152700710107
-27.64745049840658
-29.174570111656934
-40.461924870175274
-7.426300251345901
-41.0137425992068
-23.416667876332298
-36.1282030674409
-25.12798826808345
-35.838326647391014
-10.128390734150592
-16.34226318707491
-11.737197683098142
-28.175973449719393
-20.457185493636306
-36.78029353243809
-8.597701725685413
-17.73827122664025
-9.241662729311205
-8.513434705037715
-6.187577066409344
-6.950077066409347
-6.8253770664093425
-17.83697456633264
-5.815677066409344
-14.451242124624818
-11.756077066409347
-6.755668517509386
-7.803594905468446
-8.418350605869508
-13.699594905468453
-7.0237630228608925
-10.109794905468446
-7.531285560518824
-7.427212642229072
-9.172959575692357
-8.112779309568976
-14.250994590770999
-11.431094905468447
-5.404860693254525
-10.386362284847246
-23.87650295217979
-29.186919572759614
-27.539708848838487
-14.990295117254705
-17.94108252998549
-16.186311524042274
-21.904579638863133
-29.671199464960825
-27.168043939467402
-23.292759340200377
-7.23995014123237
-34.78715442319613
-12.73070731238495
-32.13332130954295
-8.158706819121264
-26.331313383395884
-12.123951355889115
-32.061879673549306
-21.643343178607438
-13.141415438561861
-6.764991437510651
-22.618827041616974
-7.711840317578842
-21.4365390132471
-7.769527429187267
-16.497924663251045
-6.928235616849152
-33.598600425270654
-9.153673862927386
-7.870474606920717
-7.2959770664093435
-26.62973432809931
-8.579442406659647
-34.429173046183394
-15.826834853504387
-34.86962683768082
-14.140139575687995
-31.717740683307348
-8.149921839691373
-21.493408219217923
-8.47599430555173
-22.191964084140196
-7.183102223896039
-7.581074606920717
-16.052929355542826
-36.01306992951074
-17.19332350792933
-26.333824642825
-10.947968179065793
-32.550417118206376
-30.12993898792537
-10.205796788688579
-6.55510279389495
-34.67786601308546
-16.83256864693041
-29.83057526551234
-8.009805504856201
-26.51592966819825
-7.930684607544432
-36.29704518228424
-18.0580048315404
-34.388957307926056
-14.557140489238758
-34.11304309654239
-28.109405184699217
-18.492754059924334
-10.570948768470654
-25.657202056742143
-27.50264922820338
-31.38776834689557
-37.0220410509217
-12.456759741486938
-22.133144939403735
-8.306986642820963
-9.452809117750835
-20.76242768659336
-23.148225301501533
-15.851483353046504
-22.334603505612616
-18.198368175125026
-9.806250811749766
-15.652952501671846
-13.65546977920019
-33.75506171952966
-31.20553272581865
-18.89415449976856
-14.217476436743741
-17.750446192427493
-10.235436547779525
-20.819296892564182
-23.854692177865996
-7.998823843883375
-9.042771182607224
-35.338958602857005
-32.57202138024359
-15.355468277122624
-16.02242101233142
-31.876305791552635
-45.50863686023964
-9.418762537673357
-21.82087774184773
-34.00375468643172
-32.211266519244674
-16.616710623540136
-10.848750061852003
-15.523298197509746
-12.990862335823932
-35.62293385563051
-33.436702703854664
-33.71484598127232
-29.935838361553024
-16.370472093742276
-17.740607985449117
-9.107389004125375
-7.89970512609693
-27.187823828002873
-25.011645343225677
-16.370499005233338
-17.554833615673367
-15.587817193042996
-8.977769813775879
-14.620052647301689
-17.628193221583803
-27.016191792455622
-19.585503466943273
-19.072356843021737
-5.649928185339307
-15.227317193042994
-9.194949998279451
-18.968755008053204
-26.567810809211277
-29.479603472030945
-29.303466065030637
-15.274855863602207
-6.306492628635469
-18.462056843021735
-5.620334256176874
-8.564092734728575
-9.369677066409345
-20.938561679553754
-18.360741909818465
-25.091389143759073
-21.545074767275036
-8.492932961772212
-8.307131680505398
-29.455370915585043
-21.475187644611083
-8.360136143104919
-9.99814082568019
-24.91980840398339
-16.118984186764198
-29.09487091558504
-21.692367829114655
-20.155414973004003
-26.384334882455235
-8.749792734728576
-10.356496476639714
-27.38313986886149
-25.83686657015434
-27.717898978028582
-17.379399851355004
-7.100141753673435
-6.863875573410493
-19.07527864152418
-13.873426781548684
-8.137395658901028
-14.356718523756632
-26.681899161159258
-22.99074186831998
-7.986767426989665
-14.029788269344747
-26.118099161159257
-27.115176964336207
-7.797333198708537
-31.094498591228042
-25.966371823509608
-28.38763005927682
-27.677698342053596
-28.097759766019767
-15.911825944911124
-11.835421442494049
-8.368683729507534
-14.517182540787394
-23.005905448207653
-29.03873653166804
-8.1688064844523
-7.019099030065747
-21.543295411405193
-10.524790431790311
-22.45490620477794
-16.281781162701456
-7.46049765544923
-13.271453540120609
-14.827938360749943
-6.248570972567572
-14.712668593018096
-13.757391724368844
-10.344477066409343
-5.9925783582445336
-6.1354770664093445
-10.036278662260647
-8.900577066409344
-9.732997417303846
-8.272677066409344
-5.920819436021422
-9.302717066409343
-5.805177066409345
-7.190017066409344
-5.6937770664093454
-8.34811706640934
-6.385877066409342
-5.631117066409344
-5.458177066409346
-5.385017066409344
-6.941835572800994
-7.900017066409343
-5.4857770664093435
-9.952217066409343
-5.683377066409345
-36.949967154041786
-35.031799774431285
-9.671722068232706
-17.520807151537117
-9.918603841262009
-21.556514457131318
-12.575468935591898
-28.25549204535187
-27.435472886115814
-34.58493327288886
-10.32653843940464
-18.71597396615599
-10.902793208107555
-23.389551272516844
-38.41524626976949
-36.026766818237405
-31.44638017259815
-35.452535361969666
-5.901745673267065
-9.355854591399238
-39.686272682179656
-41.01323253099802
-36.534386527806184
-35.023014795001394
-10.137364097507378
-19.176397294652368
-27.008609928639036
-34.05619517920606
-5.7225634398593215
-8.959264129089087
-31.15047048732384
-37.82106113437581
-10.53874435304488
-30.174713333575056
-13.535499733342927
-31.941252849360477
-6.672427496109541
-14.363193608055
-8.298131960424387
-12.509281705080518
-34.64722111001118
-34.882898460166224
-31.33257551269709
-34.80377756285445
-6.228455704247352
-10.045862464314686
-5.771568875276008
-7.996199167399889
-26.575958734631037
-36.343211197545955
-32.30652502478446
-45.862603020264274
-13.375516419375831
-30.97370690874631
-12.788988836340138
-21.856616602723694
-21.681184364482252
-31.988787270844107
-16.770240030935398
-31.17516547495519
-7.24729356626452
-6.77698149434294
-6.106715371827934
-12.031037940809957
-34.67381839741855
-40.04609469516122
-10.691208000665943
-13.936335229094805
-6.401763877223715
-6.808559524029427
-21.738053570453076
-32.695254147208566
-9.902785455665523
-18.868538085843053
-36.2577152807459
-41.412583349586164
-7.387399656739943
-15.976157683402418
-32.79506246944153
-54.349198829582214
-10.33751921556225
-30.661439711190305
-34.92251136432061
-41.05182848858725
-6.427353838541404
-8.58119856830695
-6.451251912866741
-11.840621342634607
-7.114260116499036
-9.939102665189962
-36.5416905335194
-42.27726467319724
-34.63360265916121
-38.7764003308956
-29.780138984157777
-25.57168887701909
-6.238100304165625
-6.276568023388665
-15.570258252380677
-7.476721082424965
-45.55730352429243
-26.708446547320772
-29.132915606024678
-26.461516967467148
-5.83923578700488
-10.051140512769939
-41.8750703512157
-25.90035519772821
-7.039888112324292
-7.310553300043539
-7.149242662314821
-24.6221448599581
-47.044467986501495
-25.95901489198498
-9.25073781727121
-9.0315958395658
-47.6694011524622
-25.997867070032
-13.934007321129306
-24.44188056511775
-32.38440650330494
-25.768490039153246
-16.8131339783392
-24.468916517282373
-11.608401722513914
-21.34814296573245
-31.86170650330494
-25.702100562762347
-48.992532432240495
-26.732798884357976
-45.23135724992158
-25.950031388031448
-11.479247133888313
-8.391135696879221
-48.72866463959853
-26.155001292685213
-29.918485905180482
-14.079570692755704
-14.230526889086727
-11.551952200030906
-10.212351053827703
-6.987248546443784
-44.24254909050418
-27.288185424930578
-6.584585611777047
-22.81878689926706
-7.856851053827701
-9.667220366470636
-44.69082045032088
-26.357389884834777
-38.377152360568864
-25.906637499912414
-22.057948208579802
-13.6002459087077
-26.81012513135031
-11.36783858935623
-6.909229162186185
-9.256998700914938
-20.738617608993298
-23.599242255046217
-34.41855765001386
-28.019258405386275
-16.736060419933207
-7.367372753365937
-25.64153479437272
-26.678094193272777
-6.40815370818226
-24.675356542564977
-19.636798284664334
-25.529519976385185
-41.8710787275239
-27.803905378532736
-14.340001691431633
-7.405909670322056
-8.658028653990616
-12.914751635349313
-41.227408726954046
-28.604542578549534
-28.81578435351863
-27.847289746769878
-18.40837990704935
-20.800398395517824
-11.483956980485683
-6.08159347924701
-16.619117064494347
-20.834941516804907
-28.64413740358915
-22.421132956105247
-14.288798996482809
-9.464115679747712
-18.1070039221911
-26.913743601377618
-31.10757240623667
-32.139118877264806
-15.66341065959209
-7.902731302653798
-17.39907296499329
-5.765034256176874
-19.051972964993293
-5.825157788233423
-18.66934853232915
-13.703762852616594
-8.358996960508255
-14.8145860056268
-26.899185262328746
-23.444294149752412
-8.207745002678735
-14.487032025296758
-26.335385262328746
-27.568729245768637
-7.7867308487952505
-31.3201624215777
-25.53587492076308
-28.193399336793235
-27.247199207226174
-27.903526811455286
-15.540035332604342
-11.699897010450208
-8.590140196652404
-14.974905188195207
-22.575764488095288
-28.844861751818616
-8.196750059429911
-7.283308785306298
-21.244906442916818
-10.46266764356488
-29.557026664984587
-15.21157581638737
-32.72339448932198
-14.448411434005441
-23.618679701255452
-27.507412496436103
-21.078406738777634
-18.467797368086075
-25.311447033314447
-13.261700488702536
-20.914031611272943
-18.823334290636726
-21.15857970125545
-27.552108400508093
-18.027567216805625
-20.972341716196265
-23.679279701255453
-27.696775958800274
-20.99142652259184
-21.780477132151557
-24.25650854034834
-18.65842219902149
-25.37026614289701
-29.617183969258736
-33.56355608590867
-29.678469023091644
-28.531685690191484
-13.891278820358517
-28.503935821006753
-30.04098728958791
-21.28120228043373
-29.701557113337476
-24.849452517114756
-13.083187470765953
-6.850671293451113
-28.53202359823308
-30.01885015240055
-13.141847165022725
-25.289013758054704
-29.278321887487984
-30.64378331836126
-13.180699343069744
-11.76727736837316
-26.48360071950029
-9.66749234828259
-7.2600259912695835
-14.655954957258515
-26.52018760334038
-15.146978856253316
-29.095170206610536
-8.519565396585353
-6.568409563181445
-31.96691459813955
-13.91563115739572
-28.205739415820638
-13.132863661069193
-28.328959181115337
-29.449297851244932
-31.703046805497586
-13.337833565722956
-12.473935671671434
-16.26276120423633
-11.968712979096063
-19.799651005551624
-26.82871692961998
-26.129092233088617
-9.971899350086364
-10.512249793533302
-9.832036964927466
-14.469709946032342
-37.80849031327366
-27.57092577843716
-6.221312579413949
-16.489389473766764
-30.839624216102315
-26.99669432216942
-15.29064155488948
-10.895665389717239
-39.079516725683824
-32.55739149119777
-35.92763057131035
-26.567173755201146
-9.439497219976573
-10.62944533381715
-26.4018539721432
-25.600354139405813
-17.998734398516277
-13.38635000444163
-30.543714530828005
-29.365220094575566
-12.940185180827681
-24.727069078053447
-12.928743776847092
-23.48541180956023
-18.17041559921941
-14.532480260571132
-34.04046515351534
-26.427057420365976
-30.725819556201255
-26.347936523054205
-19.477680173336807
-15.44600185009973
-17.330902518011936
-11.706447726831406
-6.396838111978844
-12.60239145346176
-21.488104801814384
-25.53021729570505
-36.3481087523383
-31.859658523242043
-19.283378315815835
-16.034903226697878
-19.736184926780684
-20.585032375320665
-47.32788213599198
-33.30149206859058
-40.359016038820634
-32.727260612322844
-15.020470231689409
-6.836668533952275
-48.59890854840214
-38.287957781351196
-45.44702239402867
-32.29774004535457
-19.039273328148955
-16.440395909424637
-35.92124579486152
-31.33092042955924
-21.77558193969602
-13.374372013056481
-40.063106353546324
-35.09578638472899
-5.908068049134847
-13.906126413795716
-22.448135599565415
-29.215978099713656
-23.11165375528733
-15.684892884074152
-43.55985697623367
-32.1576237105194
-40.24521137891958
-32.078502813207635
-23.940727288922613
-16.12022343312064
-21.500016628582273
-12.086736304836847
-21.74459707557758
-25.105110170794802
-36.0285079288449
-31.594639034354984
-5.642477753639425
-10.826796812698737
-12.632315544658343
-7.377805703923192
-35.6680079288449
-31.811819218858556
-26.60054003385105
-36.37577431978632
-5.545669665328142
-7.545710743105031
-34.65732922841671
-27.865144478227162
-29.401668064027305
-21.60728607432016
-10.481180153017629
-12.304986116859714
-24.93352957492355
-16.318506638971176
-29.041168064027303
-21.824466258823733
-20.103677408019106
-26.51839859873715
-8.32639145346176
-10.118896476639714
-27.39686081477174
-26.0363887973314
-27.573152045416187
-17.42045420000942
-9.600213318673463
-6.207661295376147
-11.475913318673461
-5.932231825309199
-10.009467488423093
-21.993548415170956
-6.172559089712617
-11.390407263139847
-6.10011331867346
-5.907877066409342
-15.736000175701317
-7.603995286522565
-45.39546264415392
-26.508137947959227
-28.98475534527736
-26.27488898749679
-6.428970444955333
-10.602407451497351
-41.71322947107719
-25.700046598366665
-7.495455831547332
-7.72765330004354
-6.996711856026968
-24.431146334447206
-46.88262710636299
-25.758706292623437
-8.140434499031562
-7.882824802103111
-47.5075602723237
-25.797558470670456
-13.764785627898586
-24.23419115266399
-32.220908426779594
-25.56652424340486
-16.64064345491682
-24.25795827463695
-11.589153202166194
-21.29042672616169
-31.698208426779594
-25.50013476701396
-48.83069155210199
-26.53249028499643
-45.069516369783074
-25.749722788669903
-10.489316664625477
-7.362737508393346
-48.56682375946002
-25.95469269332367
-8.247170743778245
-21.407511267147203
-45.05890799766104
-43.943459544512216
-7.5003050890627145
-39.57342158897751
-45.50717935747773
-43.012664004416415
-39.193511267725725
-42.56191161949405
-7.252935841402927
-15.55272925279588
-6.2094922050261285
-13.590705117578805
-28.55251972045909
-28.94914839088979
-30.94407912241859
-29.05470022907338
-33.85066941867489
-28.810501293278794
-8.335890285744783
-6.184760815677838
-32.539683553759374
-25.457737065049983
-6.0312612953761455
-14.641661492100695
-7.2186280408078645
-5.89850976171882
-6.187661295376143
-9.387977066409341
-10.082442098131704
-26.77088400606117
-36.47755771730386
-28.66392567472359
-19.309369043617924
-26.414657823463383
-33.093679122418585
-28.572997732431556
-20.677921481407623
-8.473674125641038
-12.001598845687424
-8.072066638968101
-23.01508790890926
-41.24927155268713
-10.653869681593164
-22.388711159498822
-12.411215403904068
-14.706919707889375
-9.420111440871286
-21.67486496883229
-20.554987908909258
-41.29396745675912
-7.502206932111323
-24.792432280099177
-23.07568790890926
-41.4386350150513
-12.408995018482779
-6.436354564441775
-22.69661862809214
-37.83112008624907
-13.52569501848278
-7.239124765410978
-13.842309158694126
-22.589673665964497
-22.733869153965568
-44.89758500446276
-11.858472889986423
-27.522846574611403
-9.819348633975407
-16.04458514468004
-11.157971734218778
-27.342257468899103
-20.273769153965567
-44.94228090853475
-9.501962811763457
-8.63313501780778
-8.74872554965107
-29.96848310435825
-22.79446915396557
-45.086948466826925
-9.89286281176346
-8.437954029894092
-9.025662811763455
-6.982554564441773
-22.35725456004844
-41.421288224924695
-9.884462811763457
-7.527424765410977
-15.043147406613999
-27.720044120603692
-12.741250942368579
-7.195687882882587
-45.45379775232449
-34.69847794530855
-29.007274536081653
-34.429413067479835
-7.177210323321163
-19.482652219041935
-41.77156457924776
-33.89038659571598
-7.030766099867812
-32.59720546746681
-46.940962214533556
-33.949046289972756
-6.977162047428098
-14.851557239678401
-47.56589538049427
-33.98789846801977
-13.842775147380657
-32.444185561324815
-32.28363338173696
-33.76125408754098
-16.72739011320146
-32.47670982210035
-11.298578962585003
-29.13185737575925
-31.760933381736965
-33.69486461115008
-48.889026660272556
-34.722830282345754
-45.12785147795364
-33.940062786019226
-7.15535111109019
-12.16077684403681
-48.62515886763059
-34.14503269067299
-11.76579819271937
-11.357604737424865
-22.904734223979144
-23.417589331303315
-34.28580233652669
-25.538733553170353
-20.00406479238143
-8.28760758708541
-25.508779480885554
-24.19756934105686
-6.255149928331545
-22.174583223985508
-19.52285093214243
-23.06780308513453
-41.738323414036735
-25.323380526316814
-17.62830670159293
-8.346445141754602
-10.79179819271937
-12.700751635349315
-41.09465341346687
-26.124017726333612
-32.36866957739713
-25.869327411524914
-38.4618521719392
-22.523372832146638
-32.20609029286281
-26.226660177045943
-7.030821364725045
-9.535617268797036
-29.317886404232162
-28.373928108442147
-15.446403929417373
-15.575167391781541
-25.645305138669183
-22.545622953048248
-12.15117866226065
-5.898519436021425
-35.546779826288905
-26.059960689781406
-6.836860582193143
-15.560962783861081
-15.403478163151291
-7.016864697251107
-14.250168770899643
-7.307862505586114
-9.073082402030936
-8.009376364771883
-10.151374289945464
-7.000585057894578
-29.92803368769342
-29.666283110971687
-30.61648049531078
-25.423912899946597
-29.191955815704375
-29.76121642996054
-7.8732034939171145
-26.45102429519179
-13.83720145420277
-7.912948304967711
-15.381334412756509
-24.376002085947174
-9.578863962071399
-6.947561465429574
-39.02619601060315
-28.71132754818177
-22.063988962572864
-12.624851788652515
-9.819486584601526
-10.33939863465687
-23.409227411524913
-32.413365481469114
-6.452718122510144
-12.008101992592342
-25.929927411524915
-32.5580330397613
-15.220636496388437
-6.49513619317125
-25.57050025588951
-28.970160236140785
-10.2380803920422
-7.250603421406912
-5.922377066409347
-16.17147456633264
-5.335977066409346
-13.209042124624819
-12.508377066409352
-6.745468517509388
-6.7479770664093435
-8.749277066409345
-5.486777066409345
-8.811377066409346
-10.474477066409346
-5.823377066409347
-6.094377066409343
-11.148735572800991
-12.588277066409344
-4.948077066409344
-6.365077066409344
-7.448377066409344
-7.233577066409345
-6.462277066409345
-44.338469056171974
-30.062680079654193
-6.677652647871427
-25.59042862441726
-44.78674041598867
-29.131884539558392
-38.47307232623666
-28.68113215463603
-9.071776364771884
-7.504179905389113
-12.044585576850421
-6.265457966034141
-24.058637363570874
-11.294925510632615
-21.459212640820333
-12.928649917833411
-14.008159663898589
-6.7175720808899655
-10.135216904812642
-6.941951859461959
-6.763050605869511
-7.894041838931734
-32.43898602447401
-14.370483463181953
-25.47011992730267
-13.796252006914216
-27.897510668339134
-15.671596476711334
-33.71001243688418
-19.356949175942564
-7.2137506058695084
-12.73721018667047
-30.558126282510706
-13.36673143994594
-12.429070760675076
-5.788080848060094
-21.032349683343558
-12.399911824150607
-29.481407551666482
-17.038085131136278
-25.17421024202836
-16.16477777932036
-26.018754740362116
-29.97470061113232
-6.606839606854958
-9.332569613112536
-28.1462036352412
-16.67733027013736
-28.6709608647157
-13.226615105110769
-25.35631526740161
-13.147494207799
-29.765382804439984
-17.902766454747347
-27.857294930081796
-14.401902112445708
-19.79759016930046
-29.41577812284969
-31.422981909224127
-30.602340962978896
-6.584754629982985
-7.16243481448656
-18.69405422666496
-32.90315740709015
-33.886432823937675
-40.320342796204486
-30.604942461922583
-28.24662660622296
-12.410409463754617
-6.572477240765671
-14.054709463754618
-6.230257788233421
-14.947157020681333
-26.368331745512435
-8.735855784829345
-6.0186826854810604
-32.38464982495716
-33.89534439209338
-14.540235173840225
-25.785107876170805
-31.820849824957158
-38.019779488109606
-7.331213231784433
-35.83023048427943
-9.665962836942938
-17.28907293268565
-8.112715851968126
-13.734629135909794
-7.681020409890347
-8.806467767448769
-8.330255784829346
-8.277518143161512
-15.112888589403651
-26.46323926065901
-8.873340290835754
-20.10802323427164
-14.046822234766953
-18.098966640355897
-14.145655784829342
-7.658004846264579
-9.316855784829341
-6.064729546266898
-19.655617693585267
-13.838964573945884
-12.401688676048327
-22.36073790002402
-20.063272832146637
-38.50654807601119
-9.568761490160202
-24.563282534162752
-22.58397283214664
-38.65121563430337
-21.941870127920435
-34.78066728209206
-13.806699322468091
-8.516762250434164
-15.803636100802924
-22.255296304087985
-23.766560177045942
-32.250786196934804
-6.049074503309256
-11.08454632333611
-26.287260177045944
-32.39545375522698
-25.92793025702964
-28.807678187225573
-13.5876338718195
-10.08024485112887
-21.23431786293983
-22.47429300291813
-16.323373529392978
-21.660671207029214
-23.389651535566028
-13.851711697260892
-16.465039185600435
-13.321733988198906
-34.22695189587613
-30.53160042723525
-24.66812140896314
-18.84562087100845
-21.51722436673364
-12.856392247155796
-21.291187068910652
-23.180759879282594
-7.462987882882586
-20.882946134618884
-8.47643009454905
-8.374554958343024
-35.810848779203475
-31.898089081660192
-16.170291751945697
-15.691422012224619
-32.34819596789911
-44.83470456165624
-9.89065271401983
-21.14694544326433
-6.1222878828825875
-16.6732766753152
-34.47564486277819
-31.537334220661275
-19.615354128508148
-12.70157109189014
-16.338537103865978
-12.660278767250288
-36.09482403197698
-32.76277040527126
-34.18673615761879
-29.261906062969622
-6.035209376107098
-10.132531913765037
-33.45406638657181
-22.676151408288373
-26.485200289400463
-22.101919952020634
-18.36657726514644
-13.431250656527261
-34.725092798981976
-27.66261712104898
-31.573206644608504
-21.672399385052362
-6.4086059931013635
-7.058203663495003
-22.047430045441352
-20.705579769257028
-19.89075114970872
-14.738016312187135
-26.189290604126157
-24.470445724426778
-16.5252883942992
-27.771821848078027
-8.574319850145244
-18.590637439411445
-18.63908446990569
-14.460798687810472
-29.686041226813497
-21.53228305021719
-26.371395629499407
-21.45316215290542
-20.22694614361054
-15.654917376926525
-18.32943621870228
-12.16463098407481
-29.68383475189884
-32.57287340722799
-30.372281559516193
-28.330503196202898
-28.94775687990979
-32.66780672621684
-7.629004558122529
-29.35761459144809
-10.103496226175867
-7.330032308991695
-15.137135476961923
-27.282592382203475
-6.992190173756293
-7.511676909165355
-38.781997074808565
-31.61791784443807
-31.263683521326225
-26.332866502683782
-5.872508544282263
-6.703519735260166
-6.107731825309198
-11.459177066409342
-8.80448736190633
-27.644058739902743
-35.19976170585696
-29.537259133343632
-18.031877853731434
-27.288296103643837
-31.815883110971686
-29.4463311910516
-17.126467492561414
-7.073349606861774
-11.012151575846827
-44.20071652891044
-5.742880948012254
-9.352903391105453
-6.519982823453534
-5.140915923541036
-10.100754079838325
-14.584602884755473
-9.42513011983948
-16.087256420008
-36.511479817740536
-45.008141183442035
-43.728326089639744
-45.24040321321927
-6.574277066409343
-6.108277066409342
-6.377977066409346
-7.701277066409346
-5.510977066409347
-8.564035572800995
-6.233477066409345
-5.315477066409344
-13.640277066409347
-6.095938728265228
-8.844877066409346
-6.072277066409344
-44.648987888727135
-10.081356035751027
-38.33531979897513
-9.630603650828661
-32.03897686863602
-7.347073281273902
-39.2559963357602
-7.57950850627611
-7.5309855605188245
-11.855241838931732
-32.64044459068289
-17.76520707474152
-25.67157849351155
-17.190975618473782
-22.951215052427912
-13.918565906150798
-33.91147100309306
-22.75167278750213
-30.759584848719587
-16.761455051505507
-9.548259996330337
-6.100535129066039
-21.23380824955244
-15.794635435710173
-24.574214575341706
-15.324157200162183
-25.375668808237243
-19.559501390879927
-21.07370850549827
-28.22291942161916
-7.691660548831967
-13.61065560044023
-23.31384075005686
-15.038232430303703
-28.87241943092458
-16.621338716670333
-25.557773833610494
-16.542217819358566
-24.875825672970734
-16.20647436862878
-23.004811817447322
-12.742684045161917
-7.7497260808634065
-12.142194428602146
-13.995841838931739
-6.223860693254531
-10.357247435938868
-22.101641169808126
-29.133131597877405
-25.740173940492994
-14.936487704437596
-16.141528183705095
-16.159045262593843
-20.131566443951417
-29.617411490078617
-25.36850903112191
-8.497250705776388
-14.89188534667999
-35.66878544122467
-41.51137381088893
-7.654177148817936
-11.369616449168378
-6.47126445404827
-7.348372172775561
-22.733020614259196
-34.16053326293627
-9.160044351423206
-18.596109053522316
-37.25268232455202
-42.87786246531387
-7.975220661464359
-17.034290760048414
-33.79002951324765
-55.81447794530991
-11.332486259368372
-32.12671882691801
-35.91747840812673
-42.51710760431495
-6.292056191932418
-8.916212993619544
-8.287139822623091
-14.146821324312537
-6.965648044577455
-10.260802665189962
-37.53665757732552
-43.74254378892494
-35.62856970296733
-40.2416794466233
-13.075196601939846
-6.3089638486192126
-9.979177066409342
-6.61438947376676
-5.904777066409342
-14.951129355542825
-25.941606344797396
-16.031126187102515
-6.501512110861117
-6.325210088360595
-25.377806344797396
-20.155561283118743
-8.350322356839973
-25.428164884503875
-28.276566416811196
-24.478501787722806
-29.987923761663872
-24.188662320774434
-23.628387618291907
-13.332660251019227
-6.2948305096604455
-12.24165034571147
-5.648881032087964
-5.57805697851222
-25.3111982270636
-25.124706445668384
-16.70176764103385
-9.332737321791694
-29.674354890512845
-12.436527046042361
-6.242777066409345
-8.032077066409347
-5.934777066409343
-5.482777066409343
-13.159477066409345
-6.081138728265226
-7.980477066409342
-5.673877066409342
-15.965704737424863
-7.626829409363034
-11.947454367765506
-14.264601265689958
-14.250977066409344
-6.275277066409346
-6.128777066409346
-7.858535572800995
-16.265877066409345
-5.301077066409346
-8.382777066409346
-6.141477066409345
-9.560977066409343
-5.465077066409342
-25.493641423920206
-8.382925756352085
-29.560252207629432
-45.73771054604356
-22.421470466709312
-45.48223216944603
-5.861594875149611
-8.735736698633776
-7.968568388650458
-44.29032756326539
-12.929192304890147
-10.69259618734529
-26.422244677790406
-45.05195967705665
-10.73012822216995
-7.907451116711403
-13.17557192226231
-42.53230214322241
-16.479489371236827
-28.712429884056785
-16.365164470053184
-42.86980398596801
-16.248921701581015
-44.837519921771204
-15.956789371236825
-28.646040407665886
-9.657460720548489
-6.246584149637627
-11.18393179362233
-10.751462908703852
-29.464569609633216
-45.22531514959578
-13.419535954451318
-9.694729584509659
-6.092931135352637
-5.611877066409346
-5.80193113535264
-8.401264511833624
-22.21834962921898
-29.10165299354157
-42.055477372966834
-28.75216085803687
-7.531554972608975
-27.675855808809786
-47.224875008252624
-28.81082055229364
-26.13320040695807
-28.585457067810193
-47.84980817421334
-28.84967273034066
-14.838858302490248
-28.018130185036224
-32.68921469991406
-28.744696874319896
-17.86493406307962
-28.192115240580325
-15.635695877611097
-28.04683575938716
-32.16651469991406
-28.678307397928993
-49.172939453991624
-29.58460454466664
-45.41176427167271
-28.801837048340108
-29.203750303889286
-28.787037505437727
-48.90907166134966
-29.006806952993873
-29.36258230830415
-25.913828108442146
-8.897304793312838
-6.521272351605016
-25.690001042741173
-20.085522953048248
-35.5914757303609
-23.599860689781405
-41.7999989963693
-21.613379117116747
-9.748792838089349
-5.807553300043539
-7.10384712534452
-20.364844597222742
-46.96939663165509
-21.67203881137352
-12.380038177716706
-7.948991474246239
-47.5943297976158
-21.710890989420538
-13.835835054362983
-20.131803572586367
-32.30411655041865
-21.476295360501894
-6.47615671830196
-9.920034531480075
-12.076081591674761
-17.603918109128237
-31.781416550418644
-21.40990588411099
-48.917461077394094
-22.445822803746516
-45.15628589507518
-21.663055307419988
-14.897039845543231
-7.597023682769082
-48.65359328475213
-21.868025212073753
-16.549614806666757
-8.189572958836806
-25.59948047370878
-31.361308683329128
-6.676778054457458
-30.447166451096315
-30.957391494831867
-30.22570594096099
-9.703007434202869
-23.890242702757718
-27.573512899946596
-30.134777998668955
-35.44566482899223
-30.323363961935033
-7.160477039057894
-40.60809439018867
-14.156855174124496
-9.046117233095476
-25.614153328197844
-41.369726503979926
-14.547306598007157
-8.850487669064446
-12.367480572669747
-38.850068970145685
-15.671398021644261
-25.03019671098006
-15.55707312046062
-39.18757081289129
-15.440830351988453
-41.15528674869448
-15.148698021644261
-24.963807234589158
-15.087299635386756
-8.80228124099173
-12.25671265214922
-8.950101943746578
-28.656478260040654
-41.543081976519055
-15.41144817267585
-8.812499979250026
-11.273461492100694
-5.863377066409343
-35.09455398495693
-34.54250771371758
-16.67273798458338
-13.993542644030219
-12.55656325947742
-7.039036337301108
-22.158789157991457
-27.19166716576493
-5.959982685481059
-14.299069068771011
-12.697837688310162
-15.739267749505668
-36.67845086828428
-35.908996368142525
-5.901971033566986
-8.566406491247438
-33.215798056979914
-48.84561184813857
-10.758254803100634
-25.157852729746665
-35.343246951858994
-35.54824150714361
-10.226942499815607
-6.45646466059913
-7.137426055467931
-6.602472916253773
-36.96242612105778
-36.7736776917536
-35.054338246699594
-33.27281334945196
-15.93654165771896
-25.670719792913317
-6.406050351965563
-17.407188052890675
-6.617297996467394
-11.30553309248362
-13.765606533744625
-40.753929219103405
-34.74470135016784
-40.85711687877433
-36.45607721043517
-40.567295927240615
-31.595639935786576
-31.210392726208777
-16.07222391409517
-25.911880018214305
-31.776466113358577
-41.50045448965824
-25.273960761628704
-27.815410600081425
-37.835375825799254
-30.50802813902365
-5.490077066409346
-15.195535572800992
-8.397077066409345
-5.407977066409345
-6.265277066409348
-11.999677066409344
-42.78240022329909
-40.655251153985276
-39.63051406892562
-34.66503341798866
-13.22093949694481
-18.805863775957626
-30.104737469758472
-33.69821380219332
-6.183145350325442
-5.965737121423035
-34.24659802844328
-37.463079757363076
-7.7040920189619495
-23.885952081359953
-16.631627274462364
-31.58327147234774
-6.33253641424171
-10.569193608054995
-15.110809505846406
-15.867850332370365
-37.74334865113062
-34.52491708315348
-34.42870305381653
-34.445796185841715
-6.403137947977409
-6.76643578991257
-13.127266021193938
-11.897787395185647
-11.268076626561497
-8.429745044938347
-27.719486327019805
-35.431559675346435
-13.573244591132076
-19.293869992880744
-42.23914803731263
-44.14888887772404
-13.64593774410851
-18.989568542342123
-38.77649522600826
-57.08550435772008
-16.318951972128982
-33.397745239328174
-40.903944120887346
-43.78813401672512
-12.096057796294344
-11.00477529763103
-13.813659234968084
-15.957901436307088
-42.52312329008613
-45.013570201335106
-40.615035415727945
-41.51270585903347
-11.275806086468748
-6.2867167434630495
-6.586187823773067
-9.63829168084839
-40.07582578344414
-30.815901892763634
-27.556325870307493
-15.327013557687302
-31.298802927803003
-29.474737680650136
-5.93655330004354
-13.321670651267468
-13.333363256677245
-28.73994144500704
-24.660034684369197
-27.692131730037126
-47.52834686095418
-30.600548865910092
-26.237475386269796
-16.442758719107296
-46.884676860384324
-31.40118606592689
-8.70451546616951
-16.05644085230003
-35.13412611215146
-27.34870010702831
-21.31255427848816
-18.12512641001692
-10.442210186670472
-7.644480612127089
-7.494191222890228
-7.0742440565090625
-35.61840600435267
-26.977035197657226
-21.729268591023185
-32.27967352097296
-9.57503287489689
-18.133989858268706
-36.24893030131601
-40.99700272335056
-7.6466692294230265
-15.82863160927979
-32.78627749001164
-53.933618203346605
-10.328734236132359
-30.245859084954702
-34.91372638489072
-40.636247862351645
-6.712959149555413
-8.460008232515248
-6.977349634704698
-11.959923417666852
-6.977055763304743
-9.395102665189958
-36.53290555408951
-41.861684046961635
-34.62481767973132
-38.360819704659995
-5.859443016287101
-10.379877066409342
-8.89926675030111
-26.90782693731962
-35.29469502484581
-28.801181261354586
-18.127219226162314
-26.552626285096817
-31.91081642996054
-28.71025331906255
-19.66788132310975
-8.78375224643221
-45.77749202547446
-7.2191367333146665
-24.307717976927613
-6.615673801578923
-46.40242519143517
-7.257988911361686
-12.871423377462888
-5.9063944238080515
-31.145076718222935
-7.056258056427962
-15.851659466919003
-6.034539808218898
-14.042570537048814
-6.3094095826240695
-30.622376718222934
-6.989868580037062
-47.72555647121346
-7.992920725687663
-43.96438128889454
-7.210153229361134
-27.3688504527728
-6.807836818120428
-47.46168867857149
-7.415123134014899
-24.97390355898659
-14.535074659192126
-29.05527812284969
-20.014770353804032
-20.108486504387418
-24.69940173126338
-10.007897390355463
-6.823619409073041
-27.60821857373775
-15.6317147644889
-37.70794548801965
-34.73855706607996
-16.167489856658296
-23.603348500185938
-8.179144619294663
-32.84564669830496
-19.55559782180264
-31.847618758151075
-15.268639080292562
-7.600764975928981
-35.45622410400224
-34.921431327520246
-12.580777585188047
-6.357210681411121
-25.672813022454616
-46.53912413926572
-8.463833198747713
-7.877752210834022
-12.426140266926518
-44.019466605431475
-15.730057715901033
-30.19959434626585
-15.615732814717392
-44.35696844817708
-15.499490046245224
-46.32468438398027
-15.207357715901033
-30.13320486987495
-8.245348133898322
-7.071067680532318
-7.981609319394841
-9.785736552021222
-28.715137954297425
-46.712479611804845
-8.263010563364242
-6.774800310967439
-25.96153421043882
-36.36678127590615
-6.8511846354229435
-34.48707513637293
-19.849601556171308
-35.11101091445943
-42.19107814359
-37.492592461166105
-6.615193189725482
-9.049788835183174
-41.54740814302014
-38.2932296611829
-22.753896921805815
-20.76244897522785
-20.39306370952016
-14.590731201604937
-26.89575748049062
-24.5273149303976
-16.929035651691585
-27.52597143507677
-9.280786726509707
-18.64750664538227
-19.07538469514629
-14.247501242657432
-30.39250810317796
-21.58915225618801
-27.07786250586387
-21.510031358876244
-20.678210817224077
-15.456584380146422
-18.78162681732338
-11.967223912302273
-9.740135572800991
-5.769077066409342
-37.31370796231641
-22.176356571062737
-23.743029401051444
-13.203676146449686
-15.926046949161197
-8.154174396649513
-37.79798785451762
-21.804691661691656
-28.434528108442148
-29.50724986659633
-28.075124365476356
-25.919400475645435
-15.06509389557065
-6.522233054853163
-25.106919792913317
-20.060976753735186
-7.379527446522975
-24.633671996687397
-27.34268652154399
-23.72092391495612
-29.054045877328942
-23.43108645894003
-23.17327002623098
-13.053844681458823
-6.682028487159921
-12.805150345711468
-7.0597028481300415
-7.16518081705482
-24.37699631780985
-24.366806558915155
-16.365675893184843
-9.172947596443207
-29.263757024909236
-12.202231202939272
-12.346688052890675
-6.0337854479817885
-6.837980407181165
-24.068623842663825
-18.21443360968914
-23.070595902509936
-31.06411108275719
-15.960378334865966
-34.11505989188874
-26.144408471879103
-30.41978208835118
-16.760356541046615
-17.89004162976085
-40.190129219103405
-38.869136446184065
-40.29331687877433
-40.58051230645139
-40.003495927240614
-35.7200750318028
-30.646592726208777
-20.196659010111397
-25.348080018214304
-35.9009012093748
-40.93665448965824
-29.39839585764493
-27.251610600081424
-41.95981092181548
-29.94422813902365
-9.22078932261121
-15.083705027440857
-8.207063219926976
-16.248256420007994
-35.580684277644735
-45.45641254325873
-42.79753054954394
-45.68867457303596
-28.83152748300882
-7.9556203262565255
-30.54309380859142
-7.665989840038083
-34.5119879536156
-7.1384180586790205
-25.455463380763195
-8.306796799523548
-25.840901365468817
-8.576567056409699
-31.80036889018293
-7.3534960432768735
-41.55454703874758
-7.2388766666131925
-5.591177066409345
-14.314677066409342
-11.625877066409345
-8.110269068771007
-15.274077066409351
-6.083818143161514
-7.724577066409343
-5.869977066409343
-17.25787044534843
-21.855868582000344
-6.47858418154732
-17.318712644179808
-29.45992279895409
-36.825401637696075
-6.283614780577463
-5.42766997900517
-8.954739685139007
-6.953542873337964
-29.10590218060829
-22.608239442424
-13.174865880572055
-5.499018143161512
-24.53003716026212
-28.257277735774768
-6.721992999791679
-10.333565847484854
-7.132165880572052
-15.515477066409346
-27.925722634616687
-24.35475694446292
-36.30088819249427
-22.86112497711218
-47.16405730522643
-25.711665200501635
-13.452376789557409
-24.179392011251263
-31.88431457545734
-25.487540089011055
-16.34214485404515
-24.217069370693732
-10.724155479949065
-20.68303870087301
-31.361614575457338
-25.421150612620153
-48.487188585004716
-26.44659701482761
-44.72601340268581
-25.663829518501082
-9.638294449937801
-6.769324990634118
-48.223320792362756
-25.868799423154847
-25.834668601033353
-22.60622295304825
-35.736143288653075
-26.12056068978141
-28.816025358843383
-24.31955943246014
-11.496969068771008
-5.8223181431615085
-24.240198643324245
-29.96863603063794
-7.033383656840236
-12.646153316334452
-27.635847852986654
-26.06607897463393
-15.631369068771008
-6.757329546266897
-36.011011470727716
-24.57244506714666
-12.46499244497354
-44.64439977139219
-15.768909893948054
-30.824527512226563
-15.654584992764411
-44.98190161413779
-15.538342224292244
-46.94961754994098
-15.246209893948054
-30.758138035835664
-8.458652221015521
-7.870452755563207
-7.858134635516185
-10.248342856056256
-28.753990132344445
-47.33741277776556
-9.000750434627609
-8.098621170144497
-30.241840962978895
-31.640162093727703
-21.174337114000377
-36.2040812406708
-9.509873063328294
-16.764423981840334
-29.231173567634794
-27.693498658180406
-35.28211068552067
-31.471226124183413
-15.442304700030942
-15.065310096515889
-31.819457874216305
-44.40784160417946
-9.361914620337027
-20.720082485787554
-33.94690676909539
-31.110471263184497
-16.979458937770143
-10.167551037358164
-15.612849751406998
-12.036466550997336
-35.56608593829417
-32.33590744779448
-33.657998063935985
-28.835043105492844
-28.97527992191892
-11.85149021377878
-9.50478397715968
-6.65269327211441
-14.252667377616513
-13.484535376846603
-28.452579921918918
-11.785100737387879
-45.967531051170475
-13.199924259299515
-42.20635586885156
-12.417156762972986
-27.205656669835477
-13.609671988837942
-45.70366325852851
-12.622126667626752
-14.647496269324751
-28.919195272419618
-15.361260103577298
-31.716917810947525
-6.803869385362809
-7.260179908971909
-32.147658792004854
-16.50384170827403
-28.38648360968594
-15.721074211947501
-28.526320503128797
-32.0541255302714
-31.883790999362887
-15.926044116601267
-14.392804815724157
-16.476763519999515
-28.396495272419617
-14.58110679293385
-46.30503289391608
-16.389516807090388
-42.54385771159717
-15.60674931076386
-27.236108359382026
-16.49221438342976
-46.04116510127412
-15.811719215417623
-31.194217810947524
-15.294870627186397
-48.27274882971927
-16.27327403861822
-44.51157364740036
-15.490506542291692
-23.97223273760482
-11.144380057377195
-48.00888103707731
-15.695476446945456
-32.08126931561395
-15.981141708274029
-28.32009413329504
-15.1983742119475
-28.459931026737895
-31.5314255302714
-31.817401522971988
-15.403344116601266
-5.786036193171251
-11.52405952575315
-35.12993189272237
-39.14274445350672
-42.34677816462158
-39.375006483283954
-13.532713647861787
-23.75761696155872
-19.64882318873177
-29.758058774609236
-12.013842106692225
-14.940539154722748
-14.985545748683442
-8.043445271485638
-18.911168785567853
-6.536687642905988
-40.298167775815
-7.963791592441122
-32.21694709984086
-7.015652244348568
-39.65449777524515
-8.76442879245792
-35.61308668286822
-39.046976640690424
-14.002176007234478
-30.40144429853489
-17.998115928887305
-33.16716835567509
-5.456928185339302
-9.910993608054994
-12.481271812481948
-13.455720867908315
-39.10983730555556
-36.10881396648083
-35.79519170824147
-36.02969306916906
-6.510178136476607
-7.090884207314176
-6.645285989878099
-5.633215592772215
-18.911234411168532
-32.54265740709015
-34.10361300844125
-39.959842796204484
-30.822122646426156
-27.886126606222962
-12.42728964825819
-6.01167724076567
-39.30013983566111
-19.340244794949097
-32.875460837493534
-20.04864712466311
-12.379350345711469
-6.3617064560847
-38.65646983509126
-20.140881994965895
-35.2408710771487
-42.37395240503029
-6.399470149993573
-7.84377735058023
-8.586247880884212
-11.564655566876596
-29.48892194667042
-48.660544057543845
-8.034860696655338
-7.720930897624539
-6.4203545644417765
-9.350177066409348
-6.147954564441779
-12.158164511833624
-35.58432382938606
-48.549702162864264
-13.126780575506778
-24.86194304447236
-37.71177272426514
-35.252331821869305
-12.874301474884463
-6.439388177987534
-9.563323991859901
-6.363935394965291
-39.330951893463926
-36.47776800647929
-37.42286401910574
-32.97690366417765
-41.730282404460425
-36.04150827716549
-20.473929397096434
-23.24141009918651
-22.340148474201555
-16.88620553597735
-31.98450289007706
-7.482428939567324
-15.54642879453323
-5.9632756664492215
-28.60062429519179
-7.391500997275289
-36.74079670714218
-7.848107443446126
-14.99055985840672
-29.909480680832445
-10.06254830496771
-13.355498957560945
-38.63542145625336
-34.24480614306704
-38.66758838126104
-30.892395173102656
-18.421112644179807
-6.725039379975026
-35.68573898033948
-19.11831994421467
-25.291758716928154
-25.17609098910868
-16.86009770611883
-9.561891440452415
-29.814771426714938
-12.647767635820195
-26.525602085947174
-14.899631916114684
-36.38898701721806
-17.07945088160601
-6.021638728265227
-10.793377066409345
-28.577544621825748
-21.395006083978807
-36.95302831494102
-19.901692251865754
-30.934731408883348
-29.70451554437072
-32.14826563195399
-25.76112868106743
-31.693499193899363
-16.26867995802532
-52.0464527855516
-32.646161155176465
-48.73180718823751
-32.5670402578647
-32.54572200656446
-16.72715978610162
-30.11324207298541
-12.701903384579117
-6.91868061212709
-9.296463020289307
-31.831964439249806
-17.63736106788839
-28.358693667159695
-10.188617901297187
-25.04404806984561
-10.109497003985418
-33.45114360844859
-18.86279725249838
-31.543055734090405
-15.361932910196735
-28.70615445034389
-44.89936887522493
-10.141741714992445
-6.849404229969262
-38.94915772187982
-30.156931893913395
-48.39667626490188
-28.911124354997657
-37.30968152989728
-29.088257889583005
-38.54449351396132
-30.86092754818177
-10.529979905389112
-6.318448753955603
-10.045293608054997
-6.171934256176875
-11.385393608054997
-5.919257788233421
-20.576780619872967
-10.70798309464464
-5.455277066409349
-8.535664511833623
-28.072374781777768
-21.08779053965579
-38.74908244455664
-34.77361005005555
-35.43443684724255
-34.694489152743785
-13.885432317766895
-13.491689333178098
-12.250236198229981
-10.26371674569773
-6.431641224606409
-9.667165924608728
-36.39278921925433
-39.97451862916663
-34.48470134489615
-36.473654286864985
-36.313668321942565
-36.65987303185254
-34.40558044758438
-33.1590086895509
-7.610435469729857
-6.017659001786403
